0.873	18.979	0.158	0.000	0.000	
0.900	18.000	0.000	0.000	0.000	
0.592	21.016	1.278	0.000	0.000	
0.873	21.811	0.157	0.000	0.000	
0.900	18.000	0.000	0.000	0.000	
0.593	38.151	1.277	0.000	0.000	
0.873	24.560	0.157	0.000	0.000	
0.900	18.000	0.000	0.000	0.000	
0.594	54.926	1.273	0.000	0.000	
0.874	27.176	0.155	0.000	0.000	
0.900	18.000	0.000	0.000	0.000	
0.596	71.130	1.266	0.000	0.000	
0.874	29.637	0.153	0.000	0.000	
0.900	18.000	0.000	0.000	0.000	
0.599	88.743	1.257	0.000	0.000	
0.875	31.914	0.150	0.000	0.000	
0.900	18.000	0.000	0.000	0.000	
0.602	104.936	1.245	0.000	0.000	
0.875	33.990	0.147	0.000	0.000	
0.900	18.000	0.000	0.000	0.000	
0.607	120.218	1.230	0.000	0.000	
0.876	35.835	0.143	0.000	0.000	
0.900	18.000	0.000	0.000	0.000	
0.612	136.118	1.213	0.000	0.000	
0.877	37.457	0.139	0.000	0.000	
0.900	18.000	0.000	0.000	0.000	
0.618	150.504	1.192	0.000	0.000	
0.878	38.845	0.135	0.000	0.000	
0.900	18.000	0.000	0.000	0.000	
0.624	163.661	1.169	0.000	0.000	
0.879	39.973	0.130	0.000	0.000	
0.900	18.000	0.000	0.000	0.000	
0.631	176.888	1.144	0.000	0.000	
0.880	40.870	0.125	0.000	0.000	
0.900	18.000	0.000	0.000	0.000	
0.639	188.477	1.116	0.000	0.000	
0.881	41.536	0.119	0.000	0.000	
0.900	18.000	0.000	0.000	0.000	
0.648	198.570	1.086	0.000	0.000	
0.882	41.949	0.114	0.000	0.000	
0.900	18.000	0.000	0.000	0.000	
0.656	208.206	1.054	0.000	0.000	
0.883	42.150	0.108	0.000	0.000	
0.900	18.000	0.000	0.000	0.000	
0.666	216.156	1.019	0.000	0.000	
0.885	42.149	0.102	0.000	0.000	
0.900	18.000	0.000	0.000	0.000	
0.675	222.451	0.983	0.000	0.000	
0.886	41.932	0.096	0.000	0.000	
0.900	18.000	0.000	0.000	0.000	
0.685	227.874	0.945	0.000	0.000	
0.887	41.541	0.091	0.000	0.000	
0.900	18.000	0.000	0.000	0.000	
0.696	231.668	0.906	0.000	0.000	
0.888	40.993	0.085	0.000	0.000	
0.900	18.000	0.000	0.000	0.000	
0.706	233.808	0.865	0.000	0.000	
0.889	40.281	0.079	0.000	0.000	
0.900	18.000	0.000	0.000	0.000	
0.716	234.852	0.824	0.000	0.000	
0.890	39.442	0.073	0.000	0.000	
0.900	18.000	0.000	0.000	0.000	
0.727	234.450	0.782	0.000	0.000	
0.891	38.496	0.068	0.000	0.000	
0.900	18.000	0.000	0.000	0.000	
0.738	232.571	0.740	0.000	0.000	
0.892	37.444	0.062	0.000	0.000	
0.900	18.000	0.000	0.000	0.000	
0.748	229.602	0.697	0.000	0.000	
0.893	36.311	0.057	0.000	0.000	
0.900	18.000	0.000	0.000	0.000	
0.758	225.482	0.655	0.000	0.000	
0.894	35.119	0.052	0.000	0.000	
0.900	18.000	0.000	0.000	0.000	
0.768	220.213	0.614	0.000	0.000	
0.895	33.872	0.047	0.000	0.000	
0.900	18.000	0.000	0.000	0.000	
0.778	214.061	0.573	0.000	0.000	
0.896	32.587	0.042	0.000	0.000	
0.900	18.000	0.000	0.000	0.000	
0.788	207.118	0.533	0.000	0.000	
0.896	31.284	0.037	0.000	0.000	
0.900	18.000	0.000	0.000	0.000	
0.797	199.438	0.494	0.000	0.000	
0.897	29.971	0.033	0.000	0.000	
0.900	18.000	0.000	0.000	0.000	
0.806	191.168	0.456	0.000	0.000	
0.898	28.644	0.029	0.000	0.000	
0.900	18.000	0.000	0.000	0.000	
0.814	182.541	0.420	0.000	0.000	
0.898	27.334	0.025	0.000	0.000	
0.900	18.000	0.000	0.000	0.000	
0.822	173.553	0.386	0.000	0.000	
0.899	26.042	0.021	0.000	0.000	
0.900	18.000	0.000	0.000	0.000	
0.829	164.360	0.353	0.000	0.000	
0.899	24.766	0.018	0.000	0.000	
0.900	18.000	0.000	0.000	0.000	
0.837	155.059	0.322	0.000	0.000	
0.899	23.524	0.015	0.000	0.000	
0.900	18.000	0.000	0.000	0.000	
0.843	145.773	0.293	0.000	0.000	
0.899	22.317	0.011	0.000	0.000	
0.900	18.000	0.000	0.000	0.000	
0.849	136.584	0.265	0.000	0.000	
0.900	21.146	0.009	0.000	0.000	
0.900	18.000	0.000	0.000	0.000	
0.855	127.511	0.239	0.000	0.000	
0.900	20.019	0.006	0.000	0.000	
0.900	18.000	0.000	0.000	0.000	
0.860	118.697	0.215	0.000	0.000	
0.900	18.936	0.003	0.000	0.000	
0.900	18.000	0.000	0.000	0.000	
0.865	110.179	0.193	0.000	0.000	
0.900	17.900	0.001	0.000	0.000	
0.900	18.000	0.000	0.000	0.000	
0.870	101.935	0.173	0.000	0.000	
0.900	18.000	0.000	0.000	0.000	
0.900	18.000	0.000	0.000	0.000	
0.874	94.076	0.154	0.000	0.000	
0.900	18.000	0.000	0.000	0.000	
0.900	18.000	0.000	0.000	0.000	
0.878	86.614	0.136	0.000	0.000	
0.900	18.000	0.000	0.000	0.000	
0.900	18.000	0.000	0.000	0.000	
0.881	79.512	0.120	0.000	0.000	
0.900	18.000	0.000	0.000	0.000	
0.900	18.000	0.000	0.000	0.000	
0.884	72.835	0.106	0.000	0.000	
0.900	18.000	0.000	0.000	0.000	
0.900	18.000	0.000	0.000	0.000	
0.886	66.581	0.093	0.000	0.000	
0.900	18.000	0.000	0.000	0.000	
0.900	18.000	0.000	0.000	0.000	
0.889	60.710	0.080	0.000	0.000	
0.900	18.000	0.000	0.000	0.000	
0.900	18.000	0.000	0.000	0.000	
0.891	55.249	0.069	0.000	0.000	
0.900	18.000	0.000	0.000	0.000	
0.900	18.000	0.000	0.000	0.000	
0.893	50.188	0.059	0.000	0.000	
0.900	18.000	0.000	0.000	0.000	
0.900	18.000	0.000	0.000	0.000	
0.894	45.491	0.050	0.000	0.000	
0.900	18.000	0.000	0.000	0.000	
0.900	18.000	0.000	0.000	0.000	
0.896	41.159	0.042	0.000	0.000	
0.900	18.000	0.000	0.000	0.000	
0.900	18.000	0.000	0.000	0.000	
0.897	37.179	0.035	0.000	0.000	
0.900	18.000	0.000	0.000	0.000	
0.900	18.000	0.000	0.000	0.000	
0.898	33.521	0.028	0.000	0.000	
0.900	18.000	0.000	0.000	0.000	
0.900	18.000	0.000	0.000	0.000	
0.898	30.173	0.022	0.000	0.000	
0.900	18.000	0.000	0.000	0.000	
0.900	18.000	0.000	0.000	0.000	
0.899	27.118	0.017	0.000	0.000	
0.900	18.000	0.000	0.000	0.000	
0.900	18.000	0.000	0.000	0.000	
0.899	24.337	0.012	0.000	0.000	
0.900	18.000	0.000	0.000	0.000	
0.900	18.000	0.000	0.000	0.000	
0.900	21.804	0.008	0.000	0.000	
0.900	18.000	0.000	0.000	0.000	
0.900	18.000	0.000	0.000	0.000	
0.900	19.511	0.004	0.000	0.000	
0.900	18.000	0.000	0.000	0.000	
0.900	18.000	0.000	0.000	0.000	
0.900	17.436	0.001	0.000	0.000	
0.900	18.000	0.000	0.000	0.000	
0.900	18.000	0.000	0.000	0.000	
0.900	18.000	0.000	0.000	0.000	
0.900	18.000	0.000	0.000	0.000	
0.900	18.000	0.000	0.000	0.000	
0.900	18.000	0.000	0.000	0.000	
0.900	18.000	0.000	0.000	0.000	
0.900	18.000	0.000	0.000	0.000	
0.900	18.000	0.000	0.000	0.000	
0.900	18.000	0.000	0.000	0.000	
0.900	18.000	0.000	0.000	0.000	
0.900	18.000	0.000	0.000	0.000	
0.900	18.000	0.000	0.000	0.000	
0.900	18.000	0.000	0.000	0.000	
0.900	18.000	0.000	0.000	0.000	
0.900	18.000	0.000	0.000	0.000	
0.900	18.000	0.000	0.000	0.000	
0.900	18.000	0.000	0.000	0.000	
0.900	18.000	0.000	0.000	0.000	
0.900	18.000	0.000	0.000	0.000	
0.900	18.000	0.000	0.000	0.000	
0.900	18.000	0.000	0.000	0.000	
0.900	18.000	0.000	0.000	0.000	
0.900	18.000	0.000	0.000	0.000	
0.900	18.000	0.000	0.000	0.000	
0.900	18.000	0.000	0.000	0.000	
0.900	18.000	0.000	0.000	0.000	
0.900	18.000	0.000	0.000	0.000	
0.900	18.000	0.000	0.000	0.000	
0.900	18.000	0.000	0.000	0.000	
0.900	18.000	0.000	0.000	0.000	
0.900	18.000	0.000	0.000	0.000	
0.900	18.000	0.000	0.000	0.000	
0.900	18.000	0.000	0.000	0.000	
0.900	18.000	0.000	0.000	0.000	
0.900	18.000	0.000	0.000	0.000	
0.900	18.000	0.000	0.000	0.000	
0.900	18.000	0.000	0.000	0.000	
0.900	18.000	0.000	0.000	0.000	
0.900	18.000	0.000	0.000	0.000	
0.900	18.000	0.000	0.000	0.000	
0.900	18.000	0.000	0.000	0.000	
0.900	18.000	0.000	0.000	0.000	
0.900	18.000	0.000	0.000	0.000	
0.900	18.000	0.000	0.000	0.000	
0.900	18.000	0.000	0.000	0.000	
0.900	18.000	0.000	0.000	0.000	
0.900	18.000	0.000	0.000	0.000	
0.900	18.000	0.000	0.000	0.000	
0.900	18.000	0.000	0.000	0.000	
0.900	18.000	0.000	0.000	0.000	
0.900	18.000	0.000	0.000	0.000	
0.900	18.000	0.000	0.000	0.000	
0.900	18.000	0.000	0.000	0.000	
0.900	18.000	0.000	0.000	0.000	
0.900	18.000	0.000	0.000	0.000	
0.900	18.000	0.000	0.000	0.000	
0.900	18.000	0.000	0.000	0.000	
0.900	18.000	0.000	0.000	0.000	
0.900	18.000	0.000	0.000	0.000	
0.900	18.000	0.000	0.000	0.000	
0.900	18.000	0.000	0.000	0.000	
0.900	18.000	0.000	0.000	0.000	
0.900	18.000	0.000	0.000	0.000	
0.900	18.000	0.000	0.000	0.000	
0.900	18.000	0.000	0.000	0.000	
0.900	18.000	0.000	0.000	0.000	
0.900	18.000	0.000	0.000	0.000	
0.900	18.000	0.000	0.000	0.000	
0.900	18.000	0.000	0.000	0.000	
0.900	18.000	0.000	0.000	0.000	
0.900	18.000	0.000	0.000	0.000	
0.900	18.000	0.000	0.000	0.000	
0.900	18.000	0.000	0.000	0.000	
0.900	18.000	0.000	0.000	0.000	
0.900	18.000	0.000	0.000	0.000	
0.900	18.000	0.000	0.000	0.000	
0.900	18.000	0.000	0.000	0.000	
0.900	18.000	0.000	0.000	0.000	
0.900	18.000	0.000	0.000	0.000	
0.900	18.000	0.000	0.000	0.000	
0.900	18.000	0.000	0.000	0.000	
0.900	18.000	0.000	0.000	0.000	
0.900	18.000	0.000	0.000	0.000	
0.900	18.000	0.000	0.000	0.000	
0.900	18.000	0.000	0.000	0.000	
0.900	18.000	0.000	0.000	0.000	
0.900	18.000	0.000	0.000	0.000	
0.900	18.000	0.000	0.000	0.000	
0.900	18.000	0.000	0.000	0.000	
0.900	18.000	0.000	0.000	0.000	
0.900	18.000	0.000	0.000	0.000	
0.900	18.000	0.000	0.000	0.000	
0.900	18.000	0.000	0.000	0.000	
0.900	18.000	0.000	0.000	0.000	
0.900	18.000	0.000	0.000	0.000	
0.900	18.000	0.000	0.000	0.000	
0.900	18.000	0.000	0.000	0.000	
0.900	18.000	0.000	0.000	0.000	
0.900	18.000	0.000	0.000	0.000	
0.900	18.000	0.000	0.000	0.000	
0.900	18.000	0.000	0.000	0.000	
0.900	18.000	0.000	0.000	0.000	
0.900	18.000	0.000	0.000	0.000	
0.900	18.000	0.000	0.000	0.000	
0.900	18.000	0.000	0.000	0.000	
0.900	18.000	0.000	0.000	0.000	
0.900	18.000	0.000	0.000	0.000	
0.900	18.000	0.000	0.000	0.000	
0.900	18.000	0.000	0.000	0.000	
0.900	18.000	0.000	0.000	0.000	
0.900	18.000	0.000	0.000	0.000	
0.900	18.000	0.000	0.000	0.000	
0.900	18.000	0.000	0.000	0.000	
0.900	18.000	0.000	0.000	0.000	
0.900	18.000	0.000	0.000	0.000	
0.900	18.000	0.000	0.000	0.000	
0.900	18.000	0.000	0.000	0.000	
0.900	18.000	0.000	0.000	0.000	
0.900	18.000	0.000	0.000	0.000	
0.900	18.000	0.000	0.000	0.000	
0.900	18.000	0.000	0.000	0.000	
0.900	18.000	0.000	0.000	0.000	
0.900	18.000	0.000	0.000	0.000	
0.900	18.000	0.000	0.000	0.000	
0.900	18.000	0.000	0.000	0.000	
0.900	18.000	0.000	0.000	0.000	
0.900	18.000	0.000	0.000	0.000	
0.900	18.000	0.000	0.000	0.000	
0.900	18.000	0.000	0.000	0.000	
0.900	18.000	0.000	0.000	0.000	
0.900	18.000	0.000	0.000	0.000	
0.900	18.000	0.000	0.000	0.000	
0.900	18.000	0.000	0.000	0.000	
0.900	18.000	0.000	0.000	0.000	
0.900	18.000	0.000	0.000	0.000	
0.900	18.000	0.000	0.000	0.000	
0.900	18.000	0.000	0.000	0.000	
0.900	18.000	0.000	0.000	0.000	
0.900	18.000	0.000	0.000	0.000	
0.900	18.000	0.000	0.000	0.000	
0.900	18.000	0.000	0.000	0.000	
0.900	18.000	0.000	0.000	0.000	
0.900	18.000	0.000	0.000	0.000	
0.900	18.000	0.000	0.000	0.000	
0.900	18.000	0.000	0.000	0.000	
0.900	18.000	0.000	0.000	0.000	
0.900	18.000	0.000	0.000	0.000	
0.900	18.000	0.000	0.000	0.000	
0.900	18.000	0.000	0.000	0.000	
0.900	18.000	0.000	0.000	0.000	
0.900	18.000	0.000	0.000	0.000	
0.900	18.000	0.000	0.000	0.000	
0.900	18.000	0.000	0.000	0.000	
0.900	18.000	0.000	0.000	0.000	
0.900	18.000	0.000	0.000	0.000	
0.900	18.000	0.000	0.000	0.000	
0.900	18.000	0.000	0.000	0.000	
0.900	18.000	0.000	0.000	0.000	
0.900	18.000	0.000	0.000	0.000	
0.900	18.000	0.000	0.000	0.000	
0.900	18.000	0.000	0.000	0.000	
0.900	18.000	0.000	0.000	0.000	
0.900	18.000	0.000	0.000	0.000	
0.900	18.000	0.000	0.000	0.000	
0.900	18.000	0.000	0.000	0.000	
0.900	18.000	0.000	0.000	0.000	
0.900	18.000	0.000	0.000	0.000	
0.900	18.000	0.000	0.000	0.000	
0.900	18.000	0.000	0.000	0.000	
0.900	18.000	0.000	0.000	0.000	
0.900	18.000	0.000	0.000	0.000	
0.900	18.000	0.000	0.000	0.000	
0.900	18.000	0.000	0.000	0.000	
0.900	18.000	0.000	0.000	0.000	
0.900	18.000	0.000	0.000	0.000	
0.900	18.000	0.000	0.000	0.000	
0.900	18.000	0.000	0.000	0.000	
0.900	18.000	0.000	0.000	0.000	
0.900	18.000	0.000	0.000	0.000	
0.900	18.000	0.000	0.000	0.000	
0.900	18.000	0.000	0.000	0.000	
0.900	18.000	0.000	0.000	0.000	
0.900	18.000	0.000	0.000	0.000	
0.900	18.000	0.000	0.000	0.000	
0.900	18.000	0.000	0.000	0.000	
0.900	18.000	0.000	0.000	0.000	
0.900	18.000	0.000	0.000	0.000	
0.900	18.000	0.000	0.000	0.000	
0.900	18.000	0.000	0.000	0.000	
0.900	18.000	0.000	0.000	0.000	
0.900	18.000	0.000	0.000	0.000	
0.900	18.000	0.000	0.000	0.000	
0.900	18.000	0.000	0.000	0.000	
0.900	18.000	0.000	0.000	0.000	
0.900	18.000	0.000	0.000	0.000	
0.900	18.000	0.000	0.000	0.000	
0.900	18.000	0.000	0.000	0.000	
0.900	18.000	0.000	0.000	0.000	
0.900	18.000	0.000	0.000	0.000	
0.900	18.000	0.000	0.000	0.000	
0.900	18.000	0.000	0.000	0.000	
0.900	18.000	0.000	0.000	0.000	
0.900	18.000	0.000	0.000	0.000	
0.900	18.000	0.000	0.000	0.000	
0.900	18.000	0.000	0.000	0.000	
0.900	18.000	0.000	0.000	0.000	
0.900	18.000	0.000	0.000	0.000	
0.900	18.000	0.000	0.000	0.000	
0.900	18.000	0.000	0.000	0.000	
0.900	18.000	0.000	0.000	0.000	
0.900	18.000	0.000	0.000	0.000	
0.900	18.000	0.000	0.000	0.000	
0.900	18.000	0.000	0.000	0.000	
0.900	18.000	0.000	0.000	0.000	
0.900	18.000	0.000	0.000	0.000	
0.900	18.000	0.000	0.000	0.000	
0.900	18.000	0.000	0.000	0.000	
0.900	18.000	0.000	0.000	0.000	
0.900	18.000	0.000	0.000	0.000	
0.900	18.000	0.000	0.000	0.000	
0.900	18.000	0.000	0.000	0.000	
0.900	18.000	0.000	0.000	0.000	
0.900	18.000	0.000	0.000	0.000	
0.900	18.000	0.000	0.000	0.000	
0.900	18.000	0.000	0.000	0.000	
0.900	18.000	0.000	0.000	0.000	
0.900	18.000	0.000	0.000	0.000	
0.900	18.000	0.000	0.000	0.000	
0.900	18.000	0.000	0.000	0.000	
0.900	18.000	0.000	0.000	0.000	
0.409	-8018.673	23.339	50.000	-50.000	
0.900	18.000	0.000	0.000	0.000	
0.900	18.000	0.000	0.000	0.000	
0.319	-4826.262	20.303	50.000	-50.000	
0.244	-3070.283	17.183	50.000	-50.000	
0.183	-2137.466	14.333	50.000	-50.000	
0.133	-1635.998	11.882	50.000	-50.000	
0.093	-1347.177	9.841	50.000	-50.000	
0.061	-1160.538	8.170	50.000	-50.000	
0.034	-1023.271	6.812	50.000	-50.000	
0.013	-911.319	5.710	50.000	-50.000	
0.900	18.000	0.000	0.000	0.000	
0.900	18.000	0.000	0.000	0.000	
-0.005	-814.183	4.816	50.000	-50.000	
-0.019	-727.441	4.087	50.000	-50.000	
-0.031	-649.227	3.490	50.000	-50.000	
-0.041	-578.661	2.999	50.000	-50.000	
-0.049	-515.185	2.592	50.000	-50.000	
-0.056	-458.309	2.254	50.000	-50.000	
-0.062	-407.534	1.971	50.000	-50.000	
-0.067	-362.345	1.732	50.000	-50.000	
0.900	18.000	0.000	0.000	0.000	
0.899	-26465.986	2.052	50.000	50.000	
-0.071	-322.218	1.530	50.000	-50.000	
0.872	-31591.139	10.831	50.000	50.000	
-0.074	-286.646	1.359	50.000	-50.000	
0.811	-30713.626	18.549	50.000	50.000	
-0.077	-255.141	1.212	50.000	-50.000	
0.725	-25558.137	23.749	50.000	50.000	
-0.080	-227.252	1.086	50.000	-50.000	
0.626	-18982.923	26.003	50.000	50.000	
-0.082	-202.565	0.977	50.000	-50.000	
0.526	-13123.058	25.790	50.000	50.000	
-0.084	-180.704	0.883	50.000	-50.000	
0.432	-8801.115	23.979	50.000	50.000	
-0.086	-161.333	0.802	50.000	-50.000	
0.348	-5948.129	21.387	50.000	50.000	
-0.087	-144.152	0.731	50.000	-50.000	
0.900	18.000	0.000	0.000	0.000	
0.277	-4173.042	18.590	50.000	50.000	
-0.089	-128.895	0.669	50.000	-50.000	
0.216	-3088.591	15.920	45.565	50.000	
-0.090	-115.325	0.614	50.000	-50.000	
0.166	-2413.371	13.530	41.828	50.000	
-0.091	-103.234	0.566	50.000	-50.000	
0.125	-1972.421	11.468	40.282	50.000	
-0.092	-92.439	0.525	50.000	-50.000	
0.091	-1665.648	9.724	40.074	50.000	
-0.092	-82.776	0.488	50.000	-50.000	
0.062	-1436.830	8.265	40.632	50.000	
-0.093	-74.102	0.455	50.000	-50.000	
0.039	-1255.997	7.052	41.599	50.000	
-0.094	-66.289	0.426	50.000	-50.000	
0.019	-1106.636	6.044	42.742	50.000	
-0.094	-59.224	0.401	50.000	-50.000	
0.900	18.000	0.000	0.000	0.000	
0.003	-979.583	5.207	43.909	50.000	
-0.095	-52.805	0.379	50.000	-50.000	
-0.011	-869.540	4.509	45.007	50.000	
-0.095	-46.940	0.360	50.000	-50.000	
-0.022	-773.237	3.925	45.981	50.000	
-0.095	-41.547	0.343	50.000	-50.000	
-0.032	-688.479	3.435	46.798	50.000	
-0.095	-36.551	0.328	50.000	-47.593	
-0.040	-613.655	3.022	47.443	50.000	
-0.096	-31.935	0.316	50.000	-43.385	
-0.047	-547.494	2.672	47.910	50.000	
-0.096	-27.681	0.305	50.000	-39.062	
-0.053	-488.940	2.375	48.202	50.000	
-0.096	-23.737	0.296	50.000	-34.640	
-0.059	-437.081	2.121	48.322	50.000	
-0.096	-20.058	0.288	50.000	-30.137	
0.900	18.000	0.000	0.000	0.000	
-0.063	-391.122	1.903	48.278	50.000	
-0.096	-16.603	0.282	50.000	-25.572	
-0.067	-350.361	1.715	48.078	50.000	
-0.096	-13.335	0.277	43.271	-20.966	
-0.070	-314.180	1.552	47.732	50.000	
-0.096	-10.565	0.274	34.704	-16.887	
-0.073	-282.029	1.411	47.247	50.000	
-0.097	-8.381	0.271	27.769	-13.570	
-0.076	-253.426	1.289	46.632	50.000	
-0.097	-6.681	0.269	22.270	-10.929	
-0.078	-227.944	1.181	45.894	50.000	
-0.097	-5.369	0.268	17.962	-8.852	
-0.080	-205.207	1.087	45.039	50.000	
-0.097	-4.361	0.267	14.619	-7.234	
-0.082	-184.885	1.004	44.074	50.000	
-0.097	-3.590	0.267	12.043	-5.985	
0.900	18.000	0.000	0.000	0.000	
-0.083	-166.686	0.932	43.002	50.000	
-0.097	-3.003	0.267	10.070	-5.025	
-0.085	-150.355	0.867	41.828	50.000	
-0.097	-2.556	0.267	8.565	-4.292	
-0.086	-135.667	0.811	40.555	50.000	
-0.097	-2.218	0.267	7.420	-3.734	
-0.087	-122.422	0.760	39.187	50.000	
-0.097	-1.962	0.267	6.552	-3.310	
-0.088	-110.447	0.716	37.724	50.000	
-0.097	-1.739	0.268	5.791	-2.938	
-0.089	-99.592	0.676	36.171	50.000	
-0.097	-1.593	0.268	5.293	-2.696	
-0.089	-89.708	0.641	34.525	50.000	
-0.097	-1.483	0.269	4.915	-2.514	
-0.090	-80.680	0.610	32.789	50.000	
-0.097	-1.402	0.269	4.631	-2.378	
0.900	18.000	0.000	0.000	0.000	
-0.090	-72.401	0.583	30.963	50.000	
-0.097	-1.340	0.270	4.415	-2.276	
-0.091	-64.773	0.559	29.047	50.000	
-0.097	-1.295	0.270	4.252	-2.201	
-0.091	-57.710	0.538	27.044	50.000	
-0.097	-1.261	0.271	4.129	-2.146	
-0.092	-51.136	0.519	24.952	50.000	
-0.097	-1.236	0.272	4.035	-2.106	
-0.092	-44.980	0.503	22.774	50.000	
-0.097	-1.219	0.272	3.965	-2.077	
-0.092	-39.179	0.490	20.510	50.000	
-0.096	-1.206	0.273	3.911	-2.057	
-0.093	-33.674	0.478	18.162	50.000	
-0.096	-1.197	0.274	3.869	-2.043	
-0.093	-28.413	0.468	15.733	50.000	
-0.096	-1.191	0.274	3.838	-2.034	
0.754	-23119.937	22.442	-50.000	50.000	
-0.093	-23.346	0.460	13.226	48.995	
-0.096	-1.187	0.275	3.813	-2.029	
0.669	-18650.538	25.387	-50.000	50.000	
-0.093	-18.519	0.454	10.695	39.384	
-0.096	-1.185	0.276	3.794	-2.027	
0.580	-14162.503	26.162	-50.000	50.000	
-0.093	-14.683	0.449	8.615	31.536	
-0.096	-1.184	0.276	3.779	-2.027	
0.494	-10470.921	25.332	-50.000	50.000	
-0.093	-11.698	0.446	6.954	25.305	
-0.096	-1.184	0.277	3.767	-2.029	
0.415	-7743.973	23.528	-50.000	50.000	
-0.093	-9.392	0.443	5.645	20.421	
-0.096	-1.185	0.277	3.758	-2.031	
0.345	-5841.666	21.269	-50.000	50.000	
-0.093	-7.621	0.442	4.623	16.627	
-0.096	-1.187	0.278	3.750	-2.035	
0.284	-4542.154	18.905	-50.000	50.000	
-0.093	-6.266	0.440	3.831	13.701	
-0.096	-1.188	0.279	3.743	-2.039	
0.232	-3648.364	16.644	-50.000	50.000	
-0.093	-5.233	0.440	3.222	11.456	
-0.096	-1.190	0.279	3.737	-2.044	
0.188	-3016.883	14.585	-50.000	50.000	
-0.093	-4.447	0.439	2.756	9.742	
-0.096	-1.192	0.280	3.732	-2.049	
0.151	-2553.188	12.767	-50.000	50.000	
-0.093	-3.852	0.439	2.400	8.437	
-0.096	-1.195	0.281	3.728	-2.054	
0.119	-2198.143	11.190	-50.000	50.000	
-0.093	-3.401	0.439	2.130	7.446	
-0.096	-1.197	0.281	3.724	-2.060	
0.093	-1915.601	9.835	-50.000	50.000	
-0.093	-3.060	0.439	1.926	6.695	
-0.096	-1.200	0.282	3.720	-2.065	
0.070	-1683.519	8.679	-50.000	50.000	
-0.093	-2.803	0.440	1.772	6.127	
-0.096	-1.203	0.283	3.716	-2.071	
0.051	-1488.241	7.694	-50.000	50.000	
-0.093	-2.610	0.440	1.657	5.697	
-0.096	-1.177	0.283	3.624	-2.028	
0.035	-1320.035	6.855	-50.000	50.000	
-0.093	-2.426	0.440	1.546	5.288	
-0.096	-1.179	0.284	3.621	-2.033	
0.021	-1175.168	6.140	-50.000	50.000	
-0.093	-2.317	0.441	1.483	5.043	
-0.096	-1.182	0.285	3.617	-2.039	
0.009	-1048.466	5.529	-50.000	50.000	
-0.093	-2.235	0.441	1.436	4.859	
-0.096	-1.184	0.285	3.613	-2.044	
-0.001	-936.920	5.007	-50.000	50.000	
-0.093	-2.175	0.442	1.403	4.720	
-0.096	-1.187	0.286	3.610	-2.050	
-0.010	-838.204	4.559	-50.000	50.000	
-0.093	-2.131	0.442	1.379	4.616	
-0.096	-1.190	0.287	3.606	-2.055	
-0.017	-750.450	4.174	-50.000	50.000	
-0.093	-2.098	0.443	1.363	4.538	
-0.096	-1.192	0.287	3.603	-2.061	
-0.024	-672.115	3.842	-50.000	50.000	
-0.093	-2.074	0.443	1.352	4.479	
-0.096	-1.195	0.288	3.599	-2.067	
-0.029	-601.897	3.556	-50.000	50.000	
-0.093	-2.058	0.444	1.346	4.435	
-0.096	-1.197	0.289	3.595	-2.072	
-0.034	-538.681	3.308	-50.000	50.000	
-0.093	-2.046	0.444	1.343	4.403	
-0.096	-1.200	0.289	3.592	-2.078	
-0.039	-481.500	3.093	-50.000	50.000	
-0.093	-2.038	0.445	1.343	4.379	
-0.096	-1.203	0.290	3.588	-2.083	
-0.042	-429.508	2.908	-50.000	50.000	
-0.093	-2.033	0.446	1.344	4.361	
-0.096	-1.205	0.290	3.584	-2.089	
-0.046	-381.959	2.747	-50.000	50.000	
-0.093	-2.031	0.446	1.347	4.348	
-0.096	-1.208	0.291	3.581	-2.094	
-0.049	-338.192	2.608	-50.000	50.000	
-0.093	-2.030	0.447	1.351	4.338	
-0.096	-1.210	0.292	3.577	-2.099	
-0.051	-297.612	2.489	-50.000	50.000	
-0.093	-2.030	0.447	1.356	4.332	
-0.096	-1.213	0.292	3.573	-2.105	
-0.053	-259.681	2.387	-50.000	50.000	
-0.093	-2.032	0.448	1.361	4.327	
-0.096	-1.215	0.293	3.569	-2.110	
-0.055	-223.908	2.300	-50.000	50.000	
-0.093	-2.034	0.448	1.367	4.324	
-0.096	-1.218	0.294	3.565	-2.115	
-0.056	-189.836	2.227	-47.659	50.000	
-0.093	-2.036	0.449	1.373	4.321	
-0.096	-1.220	0.294	3.561	-2.121	
-0.058	-157.576	2.167	-40.810	50.000	
-0.093	-2.039	0.450	1.379	4.320	
-0.096	-1.222	0.295	3.557	-2.126	
-0.059	-127.845	2.119	-33.997	49.852	
-0.093	-2.042	0.450	1.386	4.319	
-0.096	-1.225	0.296	3.553	-2.131	
-0.059	-100.467	2.080	-27.311	39.825	
-0.093	-2.046	0.451	1.392	4.319	
-0.096	-1.227	0.296	3.549	-2.136	
-0.060	-78.570	2.051	-21.743	31.531	
-0.093	-2.049	0.451	1.399	4.319	
-0.096	-1.230	0.297	3.545	-2.141	
-0.060	-61.396	2.029	-17.239	24.861	
-0.093	-2.053	0.452	1.406	4.320	
-0.096	-1.232	0.298	3.540	-2.146	
-0.061	-48.044	2.013	-13.652	19.579	
-0.093	-2.057	0.453	1.413	4.320	
-0.096	-1.234	0.298	3.536	-2.151	
-0.061	-37.728	2.000	-10.828	15.443	
-0.093	-2.061	0.453	1.419	4.321	
-0.096	-1.237	0.299	3.532	-2.157	
-0.061	-29.798	1.991	-8.623	12.232	
-0.093	-2.065	0.454	1.426	4.321	
-0.096	-1.209	0.300	3.442	-2.109	
-0.061	-22.864	1.984	-6.664	9.401	
-0.093	-2.029	0.454	1.406	4.239	
-0.096	-1.211	0.300	3.438	-2.114	
-0.061	-18.217	1.979	-5.343	7.495	
-0.093	-2.033	0.455	1.412	4.240	
-0.096	-1.214	0.301	3.433	-2.119	
-0.062	-14.672	1.975	-4.327	6.037	
-0.093	-2.037	0.455	1.419	4.240	
-0.096	-1.216	0.301	3.429	-2.123	
-0.062	-11.972	1.973	-3.548	4.923	
-0.093	-2.040	0.456	1.426	4.241	
-0.096	-1.218	0.302	3.424	-2.128	
-0.062	-9.916	1.971	-2.952	4.074	
-0.093	-2.044	0.457	1.433	4.241	
-0.096	-1.220	0.303	3.419	-2.132	
-0.062	-8.351	1.970	-2.497	3.427	
-0.093	-2.048	0.457	1.439	4.242	
-0.096	-1.222	0.303	3.415	-2.137	
-0.062	-7.159	1.969	-2.149	2.933	
-0.093	-2.052	0.458	1.446	4.242	
-0.096	-1.224	0.304	3.410	-2.141	
-0.062	-6.250	1.968	-1.883	2.557	
-0.093	-2.056	0.458	1.453	4.243	
-0.096	-1.226	0.305	3.405	-2.146	
-0.062	-5.556	1.968	-1.680	2.268	
-0.093	-2.059	0.459	1.459	4.243	
-0.096	-1.228	0.305	3.400	-2.150	
-0.062	-5.025	1.968	-1.525	2.048	
-0.093	-2.063	0.460	1.466	4.243	
-0.096	-1.230	0.306	3.395	-2.155	
-0.062	-4.616	1.968	-1.406	1.877	
-0.093	-2.067	0.460	1.473	4.244	
-0.096	-1.232	0.307	3.390	-2.159	
-0.062	-4.301	1.969	-1.314	1.746	
-0.093	-2.070	0.461	1.479	4.244	
-0.096	-1.234	0.307	3.385	-2.163	
-0.062	-4.057	1.969	-1.243	1.643	
-0.093	-2.074	0.461	1.486	4.244	
-0.096	-1.236	0.308	3.380	-2.168	
-0.062	-3.866	1.969	-1.189	1.562	
-0.093	-2.078	0.462	1.492	4.244	
-0.096	-1.238	0.308	3.375	-2.172	
-0.062	-3.715	1.970	-1.146	1.498	
-0.093	-2.081	0.462	1.499	4.244	
-0.096	-1.240	0.309	3.370	-2.176	
-0.062	-3.594	1.970	-1.112	1.446	
-0.093	-2.085	0.463	1.505	4.244	
-0.096	-1.242	0.310	3.365	-2.180	
-0.062	-3.497	1.971	-1.085	1.403	
-0.093	-2.089	0.464	1.512	4.244	
-0.096	-1.244	0.310	3.360	-2.184	
-0.062	-3.416	1.971	-1.064	1.368	
-0.093	-2.092	0.464	1.518	4.244	
-0.096	-1.246	0.311	3.355	-2.188	
-0.062	-3.349	1.972	-1.046	1.338	
-0.093	-2.096	0.465	1.525	4.244	
-0.096	-1.248	0.312	3.349	-2.192	
-0.062	-3.291	1.973	-1.031	1.312	
-0.093	-2.099	0.465	1.531	4.244	
-0.096	-1.249	0.312	3.344	-2.196	
-0.062	-3.241	1.973	-1.018	1.289	
-0.093	-2.103	0.466	1.538	4.244	
-0.096	-1.251	0.313	3.339	-2.200	
-0.062	-3.197	1.974	-1.007	1.268	
-0.093	-2.107	0.466	1.544	4.244	
-0.096	-1.253	0.314	3.333	-2.204	
-0.062	-3.156	1.974	-0.998	1.249	
-0.093	-2.110	0.467	1.550	4.244	
-0.096	-1.255	0.314	3.328	-2.208	
-0.062	-3.118	1.975	-0.989	1.231	
-0.093	-2.114	0.468	1.557	4.243	
-0.096	-1.257	0.315	3.322	-2.212	
-0.062	-3.083	1.976	-0.980	1.214	
-0.093	-2.117	0.468	1.563	4.243	
-0.096	-1.228	0.315	3.238	-2.163	
-0.061	-2.792	1.976	-0.890	1.097	
-0.093	-2.082	0.469	1.541	4.166	
-0.096	-1.230	0.316	3.232	-2.166	
-0.061	-2.759	1.977	-0.882	1.081	
-0.093	-2.086	0.469	1.547	4.166	
-0.096	-1.231	0.317	3.226	-2.170	
-0.061	-2.727	1.977	-0.875	1.066	
-0.093	-2.089	0.470	1.553	4.165	
-0.096	-1.233	0.317	3.220	-2.173	
-0.061	-2.695	1.978	-0.867	1.051	
-0.093	-2.092	0.471	1.559	4.164	
-0.096	-1.235	0.318	3.215	-2.177	
-0.061	-2.663	1.979	-0.859	1.036	
-0.093	-2.095	0.471	1.565	4.164	
-0.096	-1.236	0.319	3.209	-2.180	
-0.061	-2.632	1.979	-0.852	1.022	
-0.093	-2.099	0.472	1.571	4.163	
-0.096	-1.238	0.319	3.203	-2.184	
-0.061	-2.601	1.980	-0.844	1.007	
-0.093	-2.102	0.472	1.577	4.162	
-0.096	-1.239	0.320	3.197	-2.187	
-0.061	-2.570	1.980	-0.836	0.993	
-0.093	-2.105	0.473	1.583	4.161	
-0.096	-1.241	0.321	3.191	-2.190	
-0.061	-2.539	1.981	-0.829	0.978	
-0.093	-2.108	0.473	1.589	4.160	
-0.096	-1.242	0.321	3.185	-2.193	
-0.061	-2.508	1.982	-0.821	0.964	
-0.093	-2.111	0.474	1.595	4.159	
-0.096	-1.243	0.322	3.179	-2.197	
-0.061	-2.477	1.982	-0.813	0.949	
-0.093	-2.115	0.475	1.601	4.159	
-0.096	-1.245	0.322	3.173	-2.200	
-0.061	-2.446	1.983	-0.805	0.935	
-0.093	-2.118	0.475	1.607	4.158	
-0.096	-1.246	0.323	3.167	-2.203	
-0.061	-2.414	1.983	-0.797	0.920	
-0.093	-2.121	0.476	1.613	4.157	
-0.096	-1.248	0.324	3.161	-2.206	
-0.061	-2.383	1.984	-0.788	0.906	
-0.093	-2.124	0.476	1.619	4.156	
-0.096	-1.249	0.324	3.155	-2.209	
-0.061	-2.351	1.985	-0.780	0.892	
-0.093	-2.127	0.477	1.625	4.154	
-0.096	-1.250	0.325	3.149	-2.212	
-0.061	-2.319	1.985	-0.771	0.877	
-0.093	-2.130	0.477	1.631	4.153	
-0.096	-1.252	0.326	3.142	-2.215	
-0.061	-2.287	1.986	-0.763	0.863	
-0.093	-2.133	0.478	1.636	4.152	
-0.096	-1.253	0.326	3.136	-2.218	
-0.061	-2.254	1.987	-0.754	0.848	
-0.093	-2.136	0.479	1.642	4.151	
-0.096	-1.254	0.327	3.130	-2.221	
-0.061	-2.222	1.987	-0.745	0.834	
-0.093	-2.139	0.479	1.648	4.150	
-0.095	-1.256	0.327	3.124	-2.224	
-0.061	-2.189	1.988	-0.736	0.819	
-0.093	-2.142	0.480	1.654	4.149	
-0.095	-1.257	0.328	3.117	-2.227	
-0.061	-2.156	1.988	-0.727	0.805	
-0.093	-2.145	0.480	1.660	4.147	
-0.095	-1.258	0.329	3.111	-2.229	
-0.061	-2.123	1.989	-0.717	0.790	
-0.093	-2.148	0.481	1.665	4.146	
-0.095	-1.259	0.329	3.105	-2.232	
-0.061	-2.089	1.990	-0.708	0.775	
-0.092	-2.151	0.481	1.671	4.145	
-0.095	-1.261	0.330	3.098	-2.235	
-0.061	-2.055	1.990	-0.698	0.761	
-0.092	-2.154	0.482	1.677	4.143	
-0.095	-1.262	0.331	3.092	-2.238	
-0.061	-2.021	1.991	-0.688	0.746	
-0.092	-2.157	0.483	1.682	4.142	
