0.0000 0.1350 0 0
0.0000 0.0812 0 1
0.0000 0.1594 0 2
0.0000 0.0341 0 -1
0.0012 0.1350 0 0
0.0012 0.0812 0 1
0.0012 0.1594 0 2
0.0012 0.0341 0 -1
0.0024 0.1350 0 0
0.0024 0.0812 0 1
0.0024 0.1594 0 2
0.0024 0.0341 0 -1
0.0036 0.1350 0 0
0.0036 0.0812 0 1
0.0036 0.1594 0 2
0.0036 0.0341 0 -1
0.0048 0.1350 0 0
0.0048 0.0812 0 1
0.0048 0.1594 0 2
0.0048 0.0341 0 -1
0.0060 0.1350 0 0
0.0060 0.0812 0 1
0.0060 0.1594 0 2
0.0060 0.0341 0 -1
0.0072 0.1350 0 0
0.0072 0.0812 0 1
0.0072 0.1594 0 2
0.0072 0.0341 0 -1
0.0084 0.1350 0 0
0.0084 0.0812 0 1
0.0084 0.1594 0 2
0.0084 0.0341 0 -1
0.0096 0.1350 0 0
0.0096 0.0812 0 1
0.0096 0.1594 0 2
0.0096 0.0341 0 -1
0.0108 0.1350 0 0
0.0108 0.0812 0 1
0.0108 0.1594 0 2
0.0108 0.0341 0 -1
0.0120 0.1350 0 0
0.0120 0.0812 0 1
0.0120 0.1594 0 2
0.0120 0.0341 0 -1
0.0132 0.1350 0 0
0.0132 0.0812 0 1
0.0132 0.1594 0 2
0.0132 0.0341 0 -1
0.0144 0.1350 0 0
0.0144 0.0812 0 1
0.0144 0.1594 0 2
0.0144 0.0341 0 -1
0.0156 0.1350 0 0
0.0156 0.0812 0 1
0.0156 0.1594 0 2
0.0156 0.0341 0 -1
0.0168 0.1350 0 0
0.0168 0.0812 0 1
0.0168 0.1594 0 2
0.0168 0.0341 0 -1
0.0180 0.1350 0 0
0.0180 0.0812 0 1
0.0180 0.1594 0 2
0.0180 0.0341 0 -1
0.0192 0.1350 0 0
0.0192 0.0812 0 1
0.0192 0.1594 0 2
0.0192 0.0341 0 -1
0.0204 0.1350 0 0
0.0204 0.0812 0 1
0.0204 0.1594 0 2
0.0204 0.0341 0 -1
0.0216 0.1350 0 0
0.0216 0.0812 0 1
0.0216 0.1594 0 2
0.0216 0.0341 0 -1
0.0228 0.1350 0 0
0.0228 0.0812 0 1
0.0228 0.1594 0 2
0.0228 0.0341 0 -1
0.0240 0.1350 0 0
0.0240 0.0812 0 1
0.0240 0.1594 0 2
0.0240 0.0341 0 -1
0.0252 0.1350 0 0
0.0252 0.0812 0 1
0.0252 0.1594 0 2
0.0252 0.0341 0 -1
0.0264 0.1350 0 0
0.0264 0.0812 0 1
0.0264 0.1594 0 2
0.0264 0.0341 0 -1
0.0276 0.1350 0 0
0.0276 0.0812 0 1
0.0276 0.1594 0 2
0.0276 0.0341 0 -1
0.0288 0.1350 0 0
0.0288 0.0812 0 1
0.0288 0.1594 0 2
0.0288 0.0341 0 -1
0.0300 0.1310 0 0
0.0300 0.0806 0 1
0.0300 0.1567 0 2
0.0300 0.0335 0 -1
0.0312 0.1310 0 0
0.0312 0.0806 0 1
0.0312 0.1567 0 2
0.0312 0.0335 0 -1
0.0324 0.1310 0 0
0.0324 0.0806 0 1
0.0324 0.1567 0 2
0.0324 0.0335 0 -1
0.0336 0.1310 0 0
0.0336 0.0806 0 1
0.0336 0.1567 0 2
0.0336 0.0335 0 -1
0.0348 0.1310 0 0
0.0348 0.0806 0 1
0.0348 0.1567 0 2
0.0348 0.0335 0 -1
0.0360 0.1310 0 0
0.0360 0.0806 0 1
0.0360 0.1567 0 2
0.0360 0.0335 0 -1
0.0372 0.1310 0 0
0.0372 0.0806 0 1
0.0372 0.1567 0 2
0.0372 0.0335 0 -1
0.0384 0.1310 0 0
0.0384 0.0806 0 1
0.0384 0.1567 0 2
0.0384 0.0335 0 -1
0.0396 0.1310 0 0
0.0396 0.0806 0 1
0.0396 0.1567 0 2
0.0396 0.0335 0 -1
0.0408 0.1310 0 0
0.0408 0.0806 0 1
0.0408 0.1567 0 2
0.0408 0.0335 0 -1
0.0420 0.1310 0 0
0.0420 0.0806 0 1
0.0420 0.1567 0 2
0.0420 0.0335 0 -1
0.0432 0.1310 0 0
0.0432 0.0806 0 1
0.0432 0.1567 0 2
0.0432 0.0335 0 -1
0.0444 0.1310 0 0
0.0444 0.0806 0 1
0.0444 0.1567 0 2
0.0444 0.0335 0 -1
0.0456 0.1310 0 0
0.0456 0.0806 0 1
0.0456 0.1567 0 2
0.0456 0.0335 0 -1
0.0468 0.1310 0 0
0.0468 0.0806 0 1
0.0468 0.1567 0 2
0.0468 0.0335 0 -1
0.0480 0.1310 0 0
0.0480 0.0806 0 1
0.0480 0.1567 0 2
0.0480 0.0335 0 -1
0.0492 0.1310 0 0
0.0492 0.0806 0 1
0.0492 0.1567 0 2
0.0492 0.0335 0 -1
0.0504 0.1310 0 0
0.0504 0.0806 0 1
0.0504 0.1567 0 2
0.0504 0.0335 0 -1
0.0516 0.1310 0 0
0.0516 0.0806 0 1
0.0516 0.1567 0 2
0.0516 0.0335 0 -1
0.0528 0.1310 0 0
0.0528 0.0806 0 1
0.0528 0.1567 0 2
0.0528 0.0335 0 -1
0.0540 0.1310 0 0
0.0540 0.0806 0 1
0.0540 0.1567 0 2
0.0540 0.0335 0 -1
0.0552 0.1310 0 0
0.0552 0.0806 0 1
0.0552 0.1567 0 2
0.0552 0.0335 0 -1
0.0564 0.1310 0 0
0.0564 0.0806 0 1
0.0564 0.1567 0 2
0.0564 0.0335 0 -1
0.0576 0.1310 0 0
0.0576 0.0806 0 1
0.0576 0.1567 0 2
0.0576 0.0335 0 -1
0.0588 0.1310 0 0
0.0588 0.0806 0 1
0.0588 0.1567 0 2
0.0588 0.0335 0 -1
0.0600 0.1276 0 0
0.0600 0.0802 0 1
0.0600 0.1541 0 2
0.0600 0.0329 0 -1
0.0612 0.1276 0 0
0.0612 0.0802 0 1
0.0612 0.1541 0 2
0.0612 0.0329 0 -1
0.0624 0.1276 0 0
0.0624 0.0802 0 1
0.0624 0.1541 0 2
0.0624 0.0329 0 -1
0.0636 0.1276 0 0
0.0636 0.0802 0 1
0.0636 0.1541 0 2
0.0636 0.0329 0 -1
0.0648 0.1276 0 0
0.0648 0.0802 0 1
0.0648 0.1541 0 2
0.0648 0.0329 0 -1
0.0660 0.1276 0 0
0.0660 0.0802 0 1
0.0660 0.1541 0 2
0.0660 0.0329 0 -1
0.0672 0.1276 0 0
0.0672 0.0802 0 1
0.0672 0.1541 0 2
0.0672 0.0329 0 -1
0.0684 0.1276 0 0
0.0684 0.0802 0 1
0.0684 0.1541 0 2
0.0684 0.0329 0 -1
0.0696 0.1276 0 0
0.0696 0.0802 0 1
0.0696 0.1541 0 2
0.0696 0.0329 0 -1
0.0708 0.1276 0 0
0.0708 0.0802 0 1
0.0708 0.1541 0 2
0.0708 0.0329 0 -1
0.0720 0.1276 0 0
0.0720 0.0802 0 1
0.0720 0.1541 0 2
0.0720 0.0329 0 -1
0.0732 0.1276 0 0
0.0732 0.0802 0 1
0.0732 0.1541 0 2
0.0732 0.0329 0 -1
0.0744 0.1276 0 0
0.0744 0.0802 0 1
0.0744 0.1541 0 2
0.0744 0.0329 0 -1
0.0756 0.1276 0 0
0.0756 0.0802 0 1
0.0756 0.1541 0 2
0.0756 0.0329 0 -1
0.0768 0.1276 0 0
0.0768 0.0802 0 1
0.0768 0.1541 0 2
0.0768 0.0329 0 -1
0.0780 0.1276 0 0
0.0780 0.0802 0 1
0.0780 0.1541 0 2
0.0780 0.0329 0 -1
0.0792 0.1276 0 0
0.0792 0.0802 0 1
0.0792 0.1541 0 2
0.0792 0.0329 0 -1
0.0804 0.1276 0 0
0.0804 0.0802 0 1
0.0804 0.1541 0 2
0.0804 0.0329 0 -1
0.0816 0.1276 0 0
0.0816 0.0802 0 1
0.0816 0.1541 0 2
0.0816 0.0329 0 -1
0.0828 0.1276 0 0
0.0828 0.0802 0 1
0.0828 0.1541 0 2
0.0828 0.0329 0 -1
0.0840 0.1276 0 0
0.0840 0.0802 0 1
0.0840 0.1541 0 2
0.0840 0.0329 0 -1
0.0852 0.1276 0 0
0.0852 0.0802 0 1
0.0852 0.1541 0 2
0.0852 0.0329 0 -1
0.0864 0.1276 0 0
0.0864 0.0802 0 1
0.0864 0.1541 0 2
0.0864 0.0329 0 -1
0.0876 0.1276 0 0
0.0876 0.0802 0 1
0.0876 0.1541 0 2
0.0876 0.0329 0 -1
0.0888 0.1276 0 0
0.0888 0.0802 0 1
0.0888 0.1541 0 2
0.0888 0.0329 0 -1
0.0900 0.1244 0 0
0.0900 0.0798 0 1
0.0900 0.1513 0 2
0.0900 0.0324 0 -1
0.0912 0.1244 0 0
0.0912 0.0798 0 1
0.0912 0.1513 0 2
0.0912 0.0324 0 -1
0.0924 0.1244 0 0
0.0924 0.0798 0 1
0.0924 0.1513 0 2
0.0924 0.0324 0 -1
0.0936 0.1244 0 0
0.0936 0.0798 0 1
0.0936 0.1513 0 2
0.0936 0.0324 0 -1
0.0948 0.1244 0 0
0.0948 0.0798 0 1
0.0948 0.1513 0 2
0.0948 0.0324 0 -1
0.0960 0.1244 0 0
0.0960 0.0798 0 1
0.0960 0.1513 0 2
0.0960 0.0324 0 -1
0.0972 0.1244 0 0
0.0972 0.0798 0 1
0.0972 0.1513 0 2
0.0972 0.0324 0 -1
0.0984 0.1244 0 0
0.0984 0.0798 0 1
0.0984 0.1513 0 2
0.0984 0.0324 0 -1
0.0996 0.1244 0 0
0.0996 0.0798 0 1
0.0996 0.1513 0 2
0.0996 0.0324 0 -1
0.1008 0.1244 0 0
0.1008 0.0798 0 1
0.1008 0.1513 0 2
0.1008 0.0324 0 -1
0.1020 0.1244 0 0
0.1020 0.0798 0 1
0.1020 0.1513 0 2
0.1020 0.0324 0 -1
0.1032 0.1244 0 0
0.1032 0.0798 0 1
0.1032 0.1513 0 2
0.1032 0.0324 0 -1
0.1044 0.1244 0 0
0.1044 0.0798 0 1
0.1044 0.1513 0 2
0.1044 0.0324 0 -1
0.1056 0.1244 0 0
0.1056 0.0798 0 1
0.1056 0.1513 0 2
0.1056 0.0324 0 -1
0.1068 0.1244 0 0
0.1068 0.0798 0 1
0.1068 0.1513 0 2
0.1068 0.0324 0 -1
0.1080 0.1244 0 0
0.1080 0.0798 0 1
0.1080 0.1513 0 2
0.1080 0.0324 0 -1
0.1092 0.1244 0 0
0.1092 0.0798 0 1
0.1092 0.1513 0 2
0.1092 0.0324 0 -1
0.1104 0.1244 0 0
0.1104 0.0798 0 1
0.1104 0.1513 0 2
0.1104 0.0324 0 -1
0.1116 0.1244 0 0
0.1116 0.0798 0 1
0.1116 0.1513 0 2
0.1116 0.0324 0 -1
0.1128 0.1244 0 0
0.1128 0.0798 0 1
0.1128 0.1513 0 2
0.1128 0.0324 0 -1
0.1140 0.1244 0 0
0.1140 0.0798 0 1
0.1140 0.1513 0 2
0.1140 0.0324 0 -1
0.1152 0.1244 0 0
0.1152 0.0798 0 1
0.1152 0.1513 0 2
0.1152 0.0324 0 -1
0.1164 0.1244 0 0
0.1164 0.0798 0 1
0.1164 0.1513 0 2
0.1164 0.0324 0 -1
0.1176 0.1244 0 0
0.1176 0.0798 0 1
0.1176 0.1513 0 2
0.1176 0.0324 0 -1
0.1188 0.1244 0 0
0.1188 0.0798 0 1
0.1188 0.1513 0 2
0.1188 0.0324 0 -1
0.1200 0.1212 0 0
0.1200 0.0793 0 1
0.1200 0.1482 0 2
0.1200 0.0318 0 -1
0.1212 0.1212 0 0
0.1212 0.0793 0 1
0.1212 0.1482 0 2
0.1212 0.0318 0 -1
0.1224 0.1212 0 0
0.1224 0.0793 0 1
0.1224 0.1482 0 2
0.1224 0.0318 0 -1
0.1236 0.1212 0 0
0.1236 0.0793 0 1
0.1236 0.1482 0 2
0.1236 0.0318 0 -1
0.1248 0.1212 0 0
0.1248 0.0793 0 1
0.1248 0.1482 0 2
0.1248 0.0318 0 -1
0.1260 0.1212 0 0
0.1260 0.0793 0 1
0.1260 0.1482 0 2
0.1260 0.0318 0 -1
0.1272 0.1212 0 0
0.1272 0.0793 0 1
0.1272 0.1482 0 2
0.1272 0.0318 0 -1
0.1284 0.1212 0 0
0.1284 0.0793 0 1
0.1284 0.1482 0 2
0.1284 0.0318 0 -1
0.1296 0.1212 0 0
0.1296 0.0793 0 1
0.1296 0.1482 0 2
0.1296 0.0318 0 -1
0.1308 0.1212 0 0
0.1308 0.0793 0 1
0.1308 0.1482 0 2
0.1308 0.0318 0 -1
0.1320 0.1212 0 0
0.1320 0.0793 0 1
0.1320 0.1482 0 2
0.1320 0.0318 0 -1
0.1332 0.1212 0 0
0.1332 0.0793 0 1
0.1332 0.1482 0 2
0.1332 0.0318 0 -1
0.1344 0.1212 0 0
0.1344 0.0793 0 1
0.1344 0.1482 0 2
0.1344 0.0318 0 -1
0.1356 0.1212 0 0
0.1356 0.0793 0 1
0.1356 0.1482 0 2
0.1356 0.0318 0 -1
0.1368 0.1212 0 0
0.1368 0.0793 0 1
0.1368 0.1482 0 2
0.1368 0.0318 0 -1
0.1380 0.1212 0 0
0.1380 0.0793 0 1
0.1380 0.1482 0 2
0.1380 0.0318 0 -1
0.1392 0.1212 0 0
0.1392 0.0793 0 1
0.1392 0.1482 0 2
0.1392 0.0318 0 -1
0.1404 0.1212 0 0
0.1404 0.0793 0 1
0.1404 0.1482 0 2
0.1404 0.0318 0 -1
0.1416 0.1212 0 0
0.1416 0.0793 0 1
0.1416 0.1482 0 2
0.1416 0.0318 0 -1
0.1428 0.1212 0 0
0.1428 0.0793 0 1
0.1428 0.1482 0 2
0.1428 0.0318 0 -1
0.1440 0.1212 0 0
0.1440 0.0793 0 1
0.1440 0.1482 0 2
0.1440 0.0318 0 -1
0.1452 0.1212 0 0
0.1452 0.0793 0 1
0.1452 0.1482 0 2
0.1452 0.0318 0 -1
0.1464 0.1212 0 0
0.1464 0.0793 0 1
0.1464 0.1482 0 2
0.1464 0.0318 0 -1
0.1476 0.1212 0 0
0.1476 0.0793 0 1
0.1476 0.1482 0 2
0.1476 0.0318 0 -1
0.1488 0.1212 0 0
0.1488 0.0793 0 1
0.1488 0.1482 0 2
0.1488 0.0318 0 -1
0.1500 0.1181 0 0
0.1500 0.0789 0 1
0.1500 0.1448 0 2
0.1500 0.0313 0 -1
0.1512 0.1181 0 0
0.1512 0.0789 0 1
0.1512 0.1448 0 2
0.1512 0.0313 0 -1
0.1524 0.1181 0 0
0.1524 0.0789 0 1
0.1524 0.1448 0 2
0.1524 0.0313 0 -1
0.1536 0.1181 0 0
0.1536 0.0789 0 1
0.1536 0.1448 0 2
0.1536 0.0313 0 -1
0.1548 0.1181 0 0
0.1548 0.0789 0 1
0.1548 0.1448 0 2
0.1548 0.0313 0 -1
0.1560 0.1181 0 0
0.1560 0.0789 0 1
0.1560 0.1448 0 2
0.1560 0.0313 0 -1
0.1572 0.1181 0 0
0.1572 0.0789 0 1
0.1572 0.1448 0 2
0.1572 0.0313 0 -1
0.1584 0.1181 0 0
0.1584 0.0789 0 1
0.1584 0.1448 0 2
0.1584 0.0313 0 -1
0.1596 0.1181 0 0
0.1596 0.0789 0 1
0.1596 0.1448 0 2
0.1596 0.0313 0 -1
0.1608 0.1181 0 0
0.1608 0.0789 0 1
0.1608 0.1448 0 2
0.1608 0.0313 0 -1
0.1620 0.1181 0 0
0.1620 0.0789 0 1
0.1620 0.1448 0 2
0.1620 0.0313 0 -1
0.1632 0.1181 0 0
0.1632 0.0789 0 1
0.1632 0.1448 0 2
0.1632 0.0313 0 -1
0.1644 0.1181 0 0
0.1644 0.0789 0 1
0.1644 0.1448 0 2
0.1644 0.0313 0 -1
0.1656 0.1181 0 0
0.1656 0.0789 0 1
0.1656 0.1448 0 2
0.1656 0.0313 0 -1
0.1668 0.1181 0 0
0.1668 0.0789 0 1
0.1668 0.1448 0 2
0.1668 0.0313 0 -1
0.1680 0.1181 0 0
0.1680 0.0789 0 1
0.1680 0.1448 0 2
0.1680 0.0313 0 -1
0.1692 0.1181 0 0
0.1692 0.0789 0 1
0.1692 0.1448 0 2
0.1692 0.0313 0 -1
0.1704 0.1181 0 0
0.1704 0.0789 0 1
0.1704 0.1448 0 2
0.1704 0.0313 0 -1
0.1716 0.1181 0 0
0.1716 0.0789 0 1
0.1716 0.1448 0 2
0.1716 0.0313 0 -1
0.1728 0.1181 0 0
0.1728 0.0789 0 1
0.1728 0.1448 0 2
0.1728 0.0313 0 -1
0.1740 0.1181 0 0
0.1740 0.0789 0 1
0.1740 0.1448 0 2
0.1740 0.0313 0 -1
0.1752 0.1181 0 0
0.1752 0.0789 0 1
0.1752 0.1448 0 2
0.1752 0.0313 0 -1
0.1764 0.1181 0 0
0.1764 0.0789 0 1
0.1764 0.1448 0 2
0.1764 0.0313 0 -1
0.1776 0.1181 0 0
0.1776 0.0789 0 1
0.1776 0.1448 0 2
0.1776 0.0313 0 -1
0.1788 0.1181 0 0
0.1788 0.0789 0 1
0.1788 0.1448 0 2
0.1788 0.0313 0 -1
0.1800 0.1151 0 0
0.1800 0.0785 0 1
0.1800 0.1412 0 2
0.1800 0.0307 0 -1
0.1812 0.1151 0 0
0.1812 0.0785 0 1
0.1812 0.1412 0 2
0.1812 0.0307 0 -1
0.1824 0.1151 0 0
0.1824 0.0785 0 1
0.1824 0.1412 0 2
0.1824 0.0307 0 -1
0.1836 0.1151 0 0
0.1836 0.0785 0 1
0.1836 0.1412 0 2
0.1836 0.0307 0 -1
0.1848 0.1151 0 0
0.1848 0.0785 0 1
0.1848 0.1412 0 2
0.1848 0.0307 0 -1
0.1860 0.1151 0 0
0.1860 0.0785 0 1
0.1860 0.1412 0 2
0.1860 0.0307 0 -1
0.1872 0.1151 0 0
0.1872 0.0785 0 1
0.1872 0.1412 0 2
0.1872 0.0307 0 -1
0.1884 0.1151 0 0
0.1884 0.0785 0 1
0.1884 0.1412 0 2
0.1884 0.0307 0 -1
0.1896 0.1151 0 0
0.1896 0.0785 0 1
0.1896 0.1412 0 2
0.1896 0.0307 0 -1
0.1908 0.1151 0 0
0.1908 0.0785 0 1
0.1908 0.1412 0 2
0.1908 0.0307 0 -1
0.1920 0.1151 0 0
0.1920 0.0785 0 1
0.1920 0.1412 0 2
0.1920 0.0307 0 -1
0.1932 0.1151 0 0
0.1932 0.0785 0 1
0.1932 0.1412 0 2
0.1932 0.0307 0 -1
0.1944 0.1151 0 0
0.1944 0.0785 0 1
0.1944 0.1412 0 2
0.1944 0.0307 0 -1
0.1956 0.1151 0 0
0.1956 0.0785 0 1
0.1956 0.1412 0 2
0.1956 0.0307 0 -1
0.1968 0.1151 0 0
0.1968 0.0785 0 1
0.1968 0.1412 0 2
0.1968 0.0307 0 -1
0.1980 0.1151 0 0
0.1980 0.0785 0 1
0.1980 0.1412 0 2
0.1980 0.0307 0 -1
0.1992 0.1151 0 0
0.1992 0.0785 0 1
0.1992 0.1412 0 2
0.1992 0.0307 0 -1
0.2004 0.1151 0 0
0.2004 0.0785 0 1
0.2004 0.1412 0 2
0.2004 0.0307 0 -1
0.2016 0.1151 0 0
0.2016 0.0785 0 1
0.2016 0.1412 0 2
0.2016 0.0307 0 -1
0.2028 0.1151 0 0
0.2028 0.0785 0 1
0.2028 0.1412 0 2
0.2028 0.0307 0 -1
0.2040 0.1151 0 0
0.2040 0.0785 0 1
0.2040 0.1412 0 2
0.2040 0.0307 0 -1
0.2052 0.1151 0 0
0.2052 0.0785 0 1
0.2052 0.1412 0 2
0.2052 0.0307 0 -1
0.2064 0.1151 0 0
0.2064 0.0785 0 1
0.2064 0.1412 0 2
0.2064 0.0307 0 -1
0.2076 0.1151 0 0
0.2076 0.0785 0 1
0.2076 0.1412 0 2
0.2076 0.0307 0 -1
0.2088 0.1151 0 0
0.2088 0.0785 0 1
0.2088 0.1412 0 2
0.2088 0.0307 0 -1
0.2100 0.1121 0 0
0.2100 0.0781 0 1
0.2100 0.1373 0 2
0.2100 0.0301 0 -1
0.2112 0.1121 0 0
0.2112 0.0781 0 1
0.2112 0.1373 0 2
0.2112 0.0301 0 -1
0.2124 0.1121 0 0
0.2124 0.0781 0 1
0.2124 0.1373 0 2
0.2124 0.0301 0 -1
0.2136 0.1121 0 0
0.2136 0.0781 0 1
0.2136 0.1373 0 2
0.2136 0.0301 0 -1
0.2148 0.1121 0 0
0.2148 0.0781 0 1
0.2148 0.1373 0 2
0.2148 0.0301 0 -1
0.2160 0.1121 0 0
0.2160 0.0781 0 1
0.2160 0.1373 0 2
0.2160 0.0301 0 -1
0.2172 0.1121 0 0
0.2172 0.0781 0 1
0.2172 0.1373 0 2
0.2172 0.0301 0 -1
0.2184 0.1121 0 0
0.2184 0.0781 0 1
0.2184 0.1373 0 2
0.2184 0.0301 0 -1
0.2196 0.1121 0 0
0.2196 0.0781 0 1
0.2196 0.1373 0 2
0.2196 0.0301 0 -1
0.2208 0.1121 0 0
0.2208 0.0781 0 1
0.2208 0.1373 0 2
0.2208 0.0301 0 -1
0.2220 0.1121 0 0
0.2220 0.0781 0 1
0.2220 0.1373 0 2
0.2220 0.0301 0 -1
0.2232 0.1121 0 0
0.2232 0.0781 0 1
0.2232 0.1373 0 2
0.2232 0.0301 0 -1
0.2244 0.1121 0 0
0.2244 0.0781 0 1
0.2244 0.1373 0 2
0.2244 0.0301 0 -1
0.2256 0.1121 0 0
0.2256 0.0781 0 1
0.2256 0.1373 0 2
0.2256 0.0301 0 -1
0.2268 0.1121 0 0
0.2268 0.0781 0 1
0.2268 0.1373 0 2
0.2268 0.0301 0 -1
0.2280 0.1121 0 0
0.2280 0.0781 0 1
0.2280 0.1373 0 2
0.2280 0.0301 0 -1
0.2292 0.1121 0 0
0.2292 0.0781 0 1
0.2292 0.1373 0 2
0.2292 0.0301 0 -1
0.2304 0.1121 0 0
0.2304 0.0781 0 1
0.2304 0.1373 0 2
0.2304 0.0301 0 -1
0.2316 0.1121 0 0
0.2316 0.0781 0 1
0.2316 0.1373 0 2
0.2316 0.0301 0 -1
0.2328 0.1121 0 0
0.2328 0.0781 0 1
0.2328 0.1373 0 2
0.2328 0.0301 0 -1
0.2340 0.1121 0 0
0.2340 0.0781 0 1
0.2340 0.1373 0 2
0.2340 0.0301 0 -1
0.2352 0.1121 0 0
0.2352 0.0781 0 1
0.2352 0.1373 0 2
0.2352 0.0301 0 -1
0.2364 0.1121 0 0
0.2364 0.0781 0 1
0.2364 0.1373 0 2
0.2364 0.0301 0 -1
0.2376 0.1121 0 0
0.2376 0.0781 0 1
0.2376 0.1373 0 2
0.2376 0.0301 0 -1
0.2388 0.1121 0 0
0.2388 0.0781 0 1
0.2388 0.1373 0 2
0.2388 0.0301 0 -1
0.2400 0.1093 0 0
0.2400 0.0776 0 1
0.2400 0.1333 0 2
0.2400 0.0295 0 -1
0.2412 0.1093 0 0
0.2412 0.0776 0 1
0.2412 0.1333 0 2
0.2412 0.0295 0 -1
0.2424 0.1093 0 0
0.2424 0.0776 0 1
0.2424 0.1333 0 2
0.2424 0.0295 0 -1
0.2436 0.1093 0 0
0.2436 0.0776 0 1
0.2436 0.1333 0 2
0.2436 0.0295 0 -1
0.2448 0.1093 0 0
0.2448 0.0776 0 1
0.2448 0.1333 0 2
0.2448 0.0295 0 -1
0.2460 0.1093 0 0
0.2460 0.0776 0 1
0.2460 0.1333 0 2
0.2460 0.0295 0 -1
0.2472 0.1093 0 0
0.2472 0.0776 0 1
0.2472 0.1333 0 2
0.2472 0.0295 0 -1
0.2484 0.1093 0 0
0.2484 0.0776 0 1
0.2484 0.1333 0 2
0.2484 0.0295 0 -1
0.2496 0.1093 0 0
0.2496 0.0776 0 1
0.2496 0.1333 0 2
0.2496 0.0295 0 -1
0.2508 0.1093 0 0
0.2508 0.0776 0 1
0.2508 0.1333 0 2
0.2508 0.0295 0 -1
0.2520 0.1093 0 0
0.2520 0.0776 0 1
0.2520 0.1333 0 2
0.2520 0.0295 0 -1
0.2532 0.1093 0 0
0.2532 0.0776 0 1
0.2532 0.1333 0 2
0.2532 0.0295 0 -1
0.2544 0.1093 0 0
0.2544 0.0776 0 1
0.2544 0.1333 0 2
0.2544 0.0295 0 -1
0.2556 0.1093 0 0
0.2556 0.0776 0 1
0.2556 0.1333 0 2
0.2556 0.0295 0 -1
0.2568 0.1093 0 0
0.2568 0.0776 0 1
0.2568 0.1333 0 2
0.2568 0.0295 0 -1
0.2580 0.1093 0 0
0.2580 0.0776 0 1
0.2580 0.1333 0 2
0.2580 0.0295 0 -1
0.2592 0.1093 0 0
0.2592 0.0776 0 1
0.2592 0.1333 0 2
0.2592 0.0295 0 -1
0.2604 0.1093 0 0
0.2604 0.0776 0 1
0.2604 0.1333 0 2
0.2604 0.0295 0 -1
0.2616 0.1093 0 0
0.2616 0.0776 0 1
0.2616 0.1333 0 2
0.2616 0.0295 0 -1
0.2628 0.1093 0 0
0.2628 0.0776 0 1
0.2628 0.1333 0 2
0.2628 0.0295 0 -1
0.2640 0.1093 0 0
0.2640 0.0776 0 1
0.2640 0.1333 0 2
0.2640 0.0295 0 -1
0.2652 0.1093 0 0
0.2652 0.0776 0 1
0.2652 0.1333 0 2
0.2652 0.0295 0 -1
0.2664 0.1093 0 0
0.2664 0.0776 0 1
0.2664 0.1333 0 2
0.2664 0.0295 0 -1
0.2676 0.1093 0 0
0.2676 0.0776 0 1
0.2676 0.1333 0 2
0.2676 0.0295 0 -1
0.2688 0.1093 0 0
0.2688 0.0776 0 1
0.2688 0.1333 0 2
0.2688 0.0295 0 -1
0.2700 0.1065 0 0
0.2700 0.0772 0 1
0.2700 0.1293 0 2
0.2700 0.0290 0 -1
0.2712 0.1065 0 0
0.2712 0.0772 0 1
0.2712 0.1293 0 2
0.2712 0.0290 0 -1
0.2724 0.1065 0 0
0.2724 0.0772 0 1
0.2724 0.1293 0 2
0.2724 0.0290 0 -1
0.2736 0.1065 0 0
0.2736 0.0772 0 1
0.2736 0.1293 0 2
0.2736 0.0290 0 -1
0.2748 0.1065 0 0
0.2748 0.0772 0 1
0.2748 0.1293 0 2
0.2748 0.0290 0 -1
0.2760 0.1065 0 0
0.2760 0.0772 0 1
0.2760 0.1293 0 2
0.2760 0.0290 0 -1
0.2772 0.1065 0 0
0.2772 0.0772 0 1
0.2772 0.1293 0 2
0.2772 0.0290 0 -1
0.2784 0.1065 0 0
0.2784 0.0772 0 1
0.2784 0.1293 0 2
0.2784 0.0290 0 -1
0.2796 0.1065 0 0
0.2796 0.0772 0 1
0.2796 0.1293 0 2
0.2796 0.0290 0 -1
0.2808 0.1065 0 0
0.2808 0.0772 0 1
0.2808 0.1293 0 2
0.2808 0.0290 0 -1
0.2820 0.1065 0 0
0.2820 0.0772 0 1
0.2820 0.1293 0 2
0.2820 0.0290 0 -1
0.2832 0.1065 0 0
0.2832 0.0772 0 1
0.2832 0.1293 0 2
0.2832 0.0290 0 -1
0.2844 0.1065 0 0
0.2844 0.0772 0 1
0.2844 0.1293 0 2
0.2844 0.0290 0 -1
0.2856 0.1065 0 0
0.2856 0.0772 0 1
0.2856 0.1293 0 2
0.2856 0.0290 0 -1
0.2868 0.1065 0 0
0.2868 0.0772 0 1
0.2868 0.1293 0 2
0.2868 0.0290 0 -1
0.2880 0.1065 0 0
0.2880 0.0772 0 1
0.2880 0.1293 0 2
0.2880 0.0290 0 -1
0.2892 0.1065 0 0
0.2892 0.0772 0 1
0.2892 0.1293 0 2
0.2892 0.0290 0 -1
0.2904 0.1065 0 0
0.2904 0.0772 0 1
0.2904 0.1293 0 2
0.2904 0.0290 0 -1
0.2916 0.1065 0 0
0.2916 0.0772 0 1
0.2916 0.1293 0 2
0.2916 0.0290 0 -1
0.2928 0.1065 0 0
0.2928 0.0772 0 1
0.2928 0.1293 0 2
0.2928 0.0290 0 -1
0.2940 0.1065 0 0
0.2940 0.0772 0 1
0.2940 0.1293 0 2
0.2940 0.0290 0 -1
0.2952 0.1065 0 0
0.2952 0.0772 0 1
0.2952 0.1293 0 2
0.2952 0.0290 0 -1
0.2964 0.1065 0 0
0.2964 0.0772 0 1
0.2964 0.1293 0 2
0.2964 0.0290 0 -1
0.2976 0.1065 0 0
0.2976 0.0772 0 1
0.2976 0.1293 0 2
0.2976 0.0290 0 -1
0.2988 0.1065 0 0
0.2988 0.0772 0 1
0.2988 0.1293 0 2
0.2988 0.0290 0 -1
0.3000 0.1038 0 0
0.3000 0.0768 0 1
0.3000 0.1251 0 2
0.3000 0.0284 0 -1
0.3012 0.1038 0 0
0.3012 0.0768 0 1
0.3012 0.1251 0 2
0.3012 0.0284 0 -1
0.3024 0.1038 0 0
0.3024 0.0768 0 1
0.3024 0.1251 0 2
0.3024 0.0284 0 -1
0.3036 0.1038 0 0
0.3036 0.0768 0 1
0.3036 0.1251 0 2
0.3036 0.0284 0 -1
0.3048 0.1038 0 0
0.3048 0.0768 0 1
0.3048 0.1251 0 2
0.3048 0.0284 0 -1
0.3060 0.1038 0 0
0.3060 0.0768 0 1
0.3060 0.1251 0 2
0.3060 0.0284 0 -1
0.3072 0.1038 0 0
0.3072 0.0768 0 1
0.3072 0.1251 0 2
0.3072 0.0284 0 -1
0.3084 0.1038 0 0
0.3084 0.0768 0 1
0.3084 0.1251 0 2
0.3084 0.0284 0 -1
0.3096 0.1038 0 0
0.3096 0.0768 0 1
0.3096 0.1251 0 2
0.3096 0.0284 0 -1
0.3108 0.1038 0 0
0.3108 0.0768 0 1
0.3108 0.1251 0 2
0.3108 0.0284 0 -1
0.3120 0.1038 0 0
0.3120 0.0768 0 1
0.3120 0.1251 0 2
0.3120 0.0284 0 -1
0.3132 0.1038 0 0
0.3132 0.0768 0 1
0.3132 0.1251 0 2
0.3132 0.0284 0 -1
0.3144 0.1038 0 0
0.3144 0.0768 0 1
0.3144 0.1251 0 2
0.3144 0.0284 0 -1
0.3156 0.1038 0 0
0.3156 0.0768 0 1
0.3156 0.1251 0 2
0.3156 0.0284 0 -1
0.3168 0.1038 0 0
0.3168 0.0768 0 1
0.3168 0.1251 0 2
0.3168 0.0284 0 -1
0.3180 0.1038 0 0
0.3180 0.0768 0 1
0.3180 0.1251 0 2
0.3180 0.0284 0 -1
0.3192 0.1038 0 0
0.3192 0.0768 0 1
0.3192 0.1251 0 2
0.3192 0.0284 0 -1
0.3204 0.1038 0 0
0.3204 0.0768 0 1
0.3204 0.1251 0 2
0.3204 0.0284 0 -1
0.3216 0.1038 0 0
0.3216 0.0768 0 1
0.3216 0.1251 0 2
0.3216 0.0284 0 -1
0.3228 0.1038 0 0
0.3228 0.0768 0 1
0.3228 0.1251 0 2
0.3228 0.0284 0 -1
0.3240 0.1038 0 0
0.3240 0.0768 0 1
0.3240 0.1251 0 2
0.3240 0.0284 0 -1
0.3252 0.1038 0 0
0.3252 0.0768 0 1
0.3252 0.1251 0 2
0.3252 0.0284 0 -1
0.3264 0.1038 0 0
0.3264 0.0768 0 1
0.3264 0.1251 0 2
0.3264 0.0284 0 -1
0.3276 0.1038 0 0
0.3276 0.0768 0 1
0.3276 0.1251 0 2
0.3276 0.0284 0 -1
0.3288 0.1038 0 0
0.3288 0.0768 0 1
0.3288 0.1251 0 2
0.3288 0.0284 0 -1
0.3300 0.1012 0 0
0.3300 0.0763 0 1
0.3300 0.1211 0 2
0.3300 0.0278 0 -1
0.3312 0.1012 0 0
0.3312 0.0763 0 1
0.3312 0.1211 0 2
0.3312 0.0278 0 -1
0.3324 0.1012 0 0
0.3324 0.0763 0 1
0.3324 0.1211 0 2
0.3324 0.0278 0 -1
0.3336 0.1012 0 0
0.3336 0.0763 0 1
0.3336 0.1211 0 2
0.3336 0.0278 0 -1
0.3348 0.1012 0 0
0.3348 0.0763 0 1
0.3348 0.1211 0 2
0.3348 0.0278 0 -1
0.3360 0.1012 0 0
0.3360 0.0763 0 1
0.3360 0.1211 0 2
0.3360 0.0278 0 -1
0.3372 0.1012 0 0
0.3372 0.0763 0 1
0.3372 0.1211 0 2
0.3372 0.0278 0 -1
0.3384 0.1012 0 0
0.3384 0.0763 0 1
0.3384 0.1211 0 2
0.3384 0.0278 0 -1
0.3396 0.1012 0 0
0.3396 0.0763 0 1
0.3396 0.1211 0 2
0.3396 0.0278 0 -1
0.3408 0.1012 0 0
0.3408 0.0763 0 1
0.3408 0.1211 0 2
0.3408 0.0278 0 -1
0.3420 0.1012 0 0
0.3420 0.0763 0 1
0.3420 0.1211 0 2
0.3420 0.0278 0 -1
0.3432 0.1012 0 0
0.3432 0.0763 0 1
0.3432 0.1211 0 2
0.3432 0.0278 0 -1
0.3444 0.1012 0 0
0.3444 0.0763 0 1
0.3444 0.1211 0 2
0.3444 0.0278 0 -1
0.3456 0.1012 0 0
0.3456 0.0763 0 1
0.3456 0.1211 0 2
0.3456 0.0278 0 -1
0.3468 0.1012 0 0
0.3468 0.0763 0 1
0.3468 0.1211 0 2
0.3468 0.0278 0 -1
0.3480 0.1012 0 0
0.3480 0.0763 0 1
0.3480 0.1211 0 2
0.3480 0.0278 0 -1
0.3492 0.1012 0 0
0.3492 0.0763 0 1
0.3492 0.1211 0 2
0.3492 0.0278 0 -1
0.3504 0.1012 0 0
0.3504 0.0763 0 1
0.3504 0.1211 0 2
0.3504 0.0278 0 -1
0.3516 0.1012 0 0
0.3516 0.0763 0 1
0.3516 0.1211 0 2
0.3516 0.0278 0 -1
0.3528 0.1012 0 0
0.3528 0.0763 0 1
0.3528 0.1211 0 2
0.3528 0.0278 0 -1
0.3540 0.1012 0 0
0.3540 0.0763 0 1
0.3540 0.1211 0 2
0.3540 0.0278 0 -1
0.3552 0.1012 0 0
0.3552 0.0763 0 1
0.3552 0.1211 0 2
0.3552 0.0278 0 -1
0.3564 0.1012 0 0
0.3564 0.0763 0 1
0.3564 0.1211 0 2
0.3564 0.0278 0 -1
0.3576 0.1012 0 0
0.3576 0.0763 0 1
0.3576 0.1211 0 2
0.3576 0.0278 0 -1
0.3588 0.1012 0 0
0.3588 0.0763 0 1
0.3588 0.1211 0 2
0.3588 0.0278 0 -1
0.3600 0.0986 0 0
0.3600 0.0758 0 1
0.3600 0.1170 0 2
0.3600 0.0273 0 -1
0.3612 0.0986 0 0
0.3612 0.0758 0 1
0.3612 0.1170 0 2
0.3612 0.0273 0 -1
0.3624 0.0986 0 0
0.3624 0.0758 0 1
0.3624 0.1170 0 2
0.3624 0.0273 0 -1
0.3636 0.0986 0 0
0.3636 0.0758 0 1
0.3636 0.1170 0 2
0.3636 0.0273 0 -1
0.3648 0.0986 0 0
0.3648 0.0758 0 1
0.3648 0.1170 0 2
0.3648 0.0273 0 -1
0.3660 0.0986 0 0
0.3660 0.0758 0 1
0.3660 0.1170 0 2
0.3660 0.0273 0 -1
0.3672 0.0986 0 0
0.3672 0.0758 0 1
0.3672 0.1170 0 2
0.3672 0.0273 0 -1
0.3684 0.0986 0 0
0.3684 0.0758 0 1
0.3684 0.1170 0 2
0.3684 0.0273 0 -1
0.3696 0.0986 0 0
0.3696 0.0758 0 1
0.3696 0.1170 0 2
0.3696 0.0273 0 -1
0.3708 0.0986 0 0
0.3708 0.0758 0 1
0.3708 0.1170 0 2
0.3708 0.0273 0 -1
0.3720 0.0986 0 0
0.3720 0.0758 0 1
0.3720 0.1170 0 2
0.3720 0.0273 0 -1
0.3732 0.0986 0 0
0.3732 0.0758 0 1
0.3732 0.1170 0 2
0.3732 0.0273 0 -1
0.3744 0.0986 0 0
0.3744 0.0758 0 1
0.3744 0.1170 0 2
0.3744 0.0273 0 -1
0.3756 0.0986 0 0
0.3756 0.0758 0 1
0.3756 0.1170 0 2
0.3756 0.0273 0 -1
0.3768 0.0986 0 0
0.3768 0.0758 0 1
0.3768 0.1170 0 2
0.3768 0.0273 0 -1
0.3780 0.0986 0 0
0.3780 0.0758 0 1
0.3780 0.1170 0 2
0.3780 0.0273 0 -1
0.3792 0.0986 0 0
0.3792 0.0758 0 1
0.3792 0.1170 0 2
0.3792 0.0273 0 -1
0.3804 0.0986 0 0
0.3804 0.0758 0 1
0.3804 0.1170 0 2
0.3804 0.0273 0 -1
0.3816 0.0986 0 0
0.3816 0.0758 0 1
0.3816 0.1170 0 2
0.3816 0.0273 0 -1
0.3828 0.0986 0 0
0.3828 0.0758 0 1
0.3828 0.1170 0 2
0.3828 0.0273 0 -1
0.3840 0.0986 0 0
0.3840 0.0758 0 1
0.3840 0.1170 0 2
0.3840 0.0273 0 -1
0.3852 0.0986 0 0
0.3852 0.0758 0 1
0.3852 0.1170 0 2
0.3852 0.0273 0 -1
0.3864 0.0986 0 0
0.3864 0.0758 0 1
0.3864 0.1170 0 2
0.3864 0.0273 0 -1
0.3876 0.0986 0 0
0.3876 0.0758 0 1
0.3876 0.1170 0 2
0.3876 0.0273 0 -1
0.3888 0.0986 0 0
0.3888 0.0758 0 1
0.3888 0.1170 0 2
0.3888 0.0273 0 -1
0.3900 0.0962 0 0
0.3900 0.0753 0 1
0.3900 0.1131 0 2
0.3900 0.0268 0 -1
0.3912 0.0962 0 0
0.3912 0.0753 0 1
0.3912 0.1131 0 2
0.3912 0.0268 0 -1
0.3924 0.0962 0 0
0.3924 0.0753 0 1
0.3924 0.1131 0 2
0.3924 0.0268 0 -1
0.3936 0.0962 0 0
0.3936 0.0753 0 1
0.3936 0.1131 0 2
0.3936 0.0268 0 -1
0.3948 0.0962 0 0
0.3948 0.0753 0 1
0.3948 0.1131 0 2
0.3948 0.0268 0 -1
0.3960 0.0962 0 0
0.3960 0.0753 0 1
0.3960 0.1131 0 2
0.3960 0.0268 0 -1
0.3972 0.0962 0 0
0.3972 0.0753 0 1
0.3972 0.1131 0 2
0.3972 0.0268 0 -1
0.3984 0.0962 0 0
0.3984 0.0753 0 1
0.3984 0.1131 0 2
0.3984 0.0268 0 -1
0.3996 0.0962 0 0
0.3996 0.0753 0 1
0.3996 0.1131 0 2
0.3996 0.0268 0 -1
0.4008 0.0962 0 0
0.4008 0.0753 0 1
0.4008 0.1131 0 2
0.4008 0.0268 0 -1
0.4020 0.0962 0 0
0.4020 0.0753 0 1
0.4020 0.1131 0 2
0.4020 0.0268 0 -1
0.4032 0.0962 0 0
0.4032 0.0753 0 1
0.4032 0.1131 0 2
0.4032 0.0268 0 -1
0.4044 0.0962 0 0
0.4044 0.0753 0 1
0.4044 0.1131 0 2
0.4044 0.0268 0 -1
0.4056 0.0962 0 0
0.4056 0.0753 0 1
0.4056 0.1131 0 2
0.4056 0.0268 0 -1
0.4068 0.0962 0 0
0.4068 0.0753 0 1
0.4068 0.1131 0 2
0.4068 0.0268 0 -1
0.4080 0.0962 0 0
0.4080 0.0753 0 1
0.4080 0.1131 0 2
0.4080 0.0268 0 -1
0.4092 0.0962 0 0
0.4092 0.0753 0 1
0.4092 0.1131 0 2
0.4092 0.0268 0 -1
0.4104 0.0962 0 0
0.4104 0.0753 0 1
0.4104 0.1131 0 2
0.4104 0.0268 0 -1
0.4116 0.0962 0 0
0.4116 0.0753 0 1
0.4116 0.1131 0 2
0.4116 0.0268 0 -1
0.4128 0.0962 0 0
0.4128 0.0753 0 1
0.4128 0.1131 0 2
0.4128 0.0268 0 -1
0.4140 0.0962 0 0
0.4140 0.0753 0 1
0.4140 0.1131 0 2
0.4140 0.0268 0 -1
0.4152 0.0962 0 0
0.4152 0.0753 0 1
0.4152 0.1131 0 2
0.4152 0.0268 0 -1
0.4164 0.0962 0 0
0.4164 0.0753 0 1
0.4164 0.1131 0 2
0.4164 0.0268 0 -1
0.4176 0.0962 0 0
0.4176 0.0753 0 1
0.4176 0.1131 0 2
0.4176 0.0268 0 -1
0.4188 0.0962 0 0
0.4188 0.0753 0 1
0.4188 0.1131 0 2
0.4188 0.0268 0 -1
0.4200 0.0938 0 0
0.4200 0.0748 0 1
0.4200 0.1093 0 2
0.4200 0.0263 0 -1
0.4212 0.0938 0 0
0.4212 0.0748 0 1
0.4212 0.1093 0 2
0.4212 0.0263 0 -1
0.4224 0.0938 0 0
0.4224 0.0748 0 1
0.4224 0.1093 0 2
0.4224 0.0263 0 -1
0.4236 0.0938 0 0
0.4236 0.0748 0 1
0.4236 0.1093 0 2
0.4236 0.0263 0 -1
0.4248 0.0938 0 0
0.4248 0.0748 0 1
0.4248 0.1093 0 2
0.4248 0.0263 0 -1
0.4260 0.0938 0 0
0.4260 0.0748 0 1
0.4260 0.1093 0 2
0.4260 0.0263 0 -1
0.4272 0.0938 0 0
0.4272 0.0748 0 1
0.4272 0.1093 0 2
0.4272 0.0263 0 -1
0.4284 0.0938 0 0
0.4284 0.0748 0 1
0.4284 0.1093 0 2
0.4284 0.0263 0 -1
0.4296 0.0938 0 0
0.4296 0.0748 0 1
0.4296 0.1093 0 2
0.4296 0.0263 0 -1
0.4308 0.0938 0 0
0.4308 0.0748 0 1
0.4308 0.1093 0 2
0.4308 0.0263 0 -1
0.4320 0.0938 0 0
0.4320 0.0748 0 1
0.4320 0.1093 0 2
0.4320 0.0263 0 -1
0.4332 0.0938 0 0
0.4332 0.0748 0 1
0.4332 0.1093 0 2
0.4332 0.0263 0 -1
0.4344 0.0938 0 0
0.4344 0.0748 0 1
0.4344 0.1093 0 2
0.4344 0.0263 0 -1
0.4356 0.0938 0 0
0.4356 0.0748 0 1
0.4356 0.1093 0 2
0.4356 0.0263 0 -1
0.4368 0.0938 0 0
0.4368 0.0748 0 1
0.4368 0.1093 0 2
0.4368 0.0263 0 -1
0.4380 0.0938 0 0
0.4380 0.0748 0 1
0.4380 0.1093 0 2
0.4380 0.0263 0 -1
0.4392 0.0938 0 0
0.4392 0.0748 0 1
0.4392 0.1093 0 2
0.4392 0.0263 0 -1
0.4404 0.0938 0 0
0.4404 0.0748 0 1
0.4404 0.1093 0 2
0.4404 0.0263 0 -1
0.4416 0.0938 0 0
0.4416 0.0748 0 1
0.4416 0.1093 0 2
0.4416 0.0263 0 -1
0.4428 0.0938 0 0
0.4428 0.0748 0 1
0.4428 0.1093 0 2
0.4428 0.0263 0 -1
0.4440 0.0938 0 0
0.4440 0.0748 0 1
0.4440 0.1093 0 2
0.4440 0.0263 0 -1
0.4452 0.0938 0 0
0.4452 0.0748 0 1
0.4452 0.1093 0 2
0.4452 0.0263 0 -1
0.4464 0.0938 0 0
0.4464 0.0748 0 1
0.4464 0.1093 0 2
0.4464 0.0263 0 -1
0.4476 0.0938 0 0
0.4476 0.0748 0 1
0.4476 0.1093 0 2
0.4476 0.0263 0 -1
0.4488 0.0938 0 0
0.4488 0.0748 0 1
0.4488 0.1093 0 2
0.4488 0.0263 0 -1
0.4500 0.0914 0 0
0.4500 0.0743 0 1
0.4500 0.1057 0 2
0.4500 0.0259 0 -1
0.4512 0.0914 0 0
0.4512 0.0743 0 1
0.4512 0.1057 0 2
0.4512 0.0259 0 -1
0.4524 0.0914 0 0
0.4524 0.0743 0 1
0.4524 0.1057 0 2
0.4524 0.0259 0 -1
0.4536 0.0914 0 0
0.4536 0.0743 0 1
0.4536 0.1057 0 2
0.4536 0.0259 0 -1
0.4548 0.0914 0 0
0.4548 0.0743 0 1
0.4548 0.1057 0 2
0.4548 0.0259 0 -1
0.4560 0.0914 0 0
0.4560 0.0743 0 1
0.4560 0.1057 0 2
0.4560 0.0259 0 -1
0.4572 0.0914 0 0
0.4572 0.0743 0 1
0.4572 0.1057 0 2
0.4572 0.0259 0 -1
0.4584 0.0914 0 0
0.4584 0.0743 0 1
0.4584 0.1057 0 2
0.4584 0.0259 0 -1
0.4596 0.0914 0 0
0.4596 0.0743 0 1
0.4596 0.1057 0 2
0.4596 0.0259 0 -1
0.4608 0.0914 0 0
0.4608 0.0743 0 1
0.4608 0.1057 0 2
0.4608 0.0259 0 -1
0.4620 0.0914 0 0
0.4620 0.0743 0 1
0.4620 0.1057 0 2
0.4620 0.0259 0 -1
0.4632 0.0914 0 0
0.4632 0.0743 0 1
0.4632 0.1057 0 2
0.4632 0.0259 0 -1
0.4644 0.0914 0 0
0.4644 0.0743 0 1
0.4644 0.1057 0 2
0.4644 0.0259 0 -1
0.4656 0.0914 0 0
0.4656 0.0743 0 1
0.4656 0.1057 0 2
0.4656 0.0259 0 -1
0.4668 0.0914 0 0
0.4668 0.0743 0 1
0.4668 0.1057 0 2
0.4668 0.0259 0 -1
0.4680 0.0914 0 0
0.4680 0.0743 0 1
0.4680 0.1057 0 2
0.4680 0.0259 0 -1
0.4692 0.0914 0 0
0.4692 0.0743 0 1
0.4692 0.1057 0 2
0.4692 0.0259 0 -1
0.4704 0.0914 0 0
0.4704 0.0743 0 1
0.4704 0.1057 0 2
0.4704 0.0259 0 -1
0.4716 0.0914 0 0
0.4716 0.0743 0 1
0.4716 0.1057 0 2
0.4716 0.0259 0 -1
0.4728 0.0914 0 0
0.4728 0.0743 0 1
0.4728 0.1057 0 2
0.4728 0.0259 0 -1
0.4740 0.0914 0 0
0.4740 0.0743 0 1
0.4740 0.1057 0 2
0.4740 0.0259 0 -1
0.4752 0.0914 0 0
0.4752 0.0743 0 1
0.4752 0.1057 0 2
0.4752 0.0259 0 -1
0.4764 0.0914 0 0
0.4764 0.0743 0 1
0.4764 0.1057 0 2
0.4764 0.0259 0 -1
0.4776 0.0914 0 0
0.4776 0.0743 0 1
0.4776 0.1057 0 2
0.4776 0.0259 0 -1
0.4788 0.0914 0 0
0.4788 0.0743 0 1
0.4788 0.1057 0 2
0.4788 0.0259 0 -1
0.4800 0.0891 0 0
0.4800 0.0737 0 1
0.4800 0.1022 0 2
0.4800 0.0255 0 -1
0.4812 0.0891 0 0
0.4812 0.0737 0 1
0.4812 0.1022 0 2
0.4812 0.0255 0 -1
0.4824 0.0891 0 0
0.4824 0.0737 0 1
0.4824 0.1022 0 2
0.4824 0.0255 0 -1
0.4836 0.0891 0 0
0.4836 0.0737 0 1
0.4836 0.1022 0 2
0.4836 0.0255 0 -1
0.4848 0.0891 0 0
0.4848 0.0737 0 1
0.4848 0.1022 0 2
0.4848 0.0255 0 -1
0.4860 0.0891 0 0
0.4860 0.0737 0 1
0.4860 0.1022 0 2
0.4860 0.0255 0 -1
0.4872 0.0891 0 0
0.4872 0.0737 0 1
0.4872 0.1022 0 2
0.4872 0.0255 0 -1
0.4884 0.0891 0 0
0.4884 0.0737 0 1
0.4884 0.1022 0 2
0.4884 0.0255 0 -1
0.4896 0.0891 0 0
0.4896 0.0737 0 1
0.4896 0.1022 0 2
0.4896 0.0255 0 -1
0.4908 0.0891 0 0
0.4908 0.0737 0 1
0.4908 0.1022 0 2
0.4908 0.0255 0 -1
0.4920 0.0891 0 0
0.4920 0.0737 0 1
0.4920 0.1022 0 2
0.4920 0.0255 0 -1
0.4932 0.0891 0 0
0.4932 0.0737 0 1
0.4932 0.1022 0 2
0.4932 0.0255 0 -1
0.4944 0.0891 0 0
0.4944 0.0737 0 1
0.4944 0.1022 0 2
0.4944 0.0255 0 -1
0.4956 0.0891 0 0
0.4956 0.0737 0 1
0.4956 0.1022 0 2
0.4956 0.0255 0 -1
0.4968 0.0891 0 0
0.4968 0.0737 0 1
0.4968 0.1022 0 2
0.4968 0.0255 0 -1
0.4980 0.0891 0 0
0.4980 0.0737 0 1
0.4980 0.1022 0 2
0.4980 0.0255 0 -1
0.4992 0.0891 0 0
0.4992 0.0737 0 1
0.4992 0.1022 0 2
0.4992 0.0255 0 -1
0.5004 0.0891 0 0
0.5004 0.0737 0 1
0.5004 0.1022 0 2
0.5004 0.0255 0 -1
0.5016 0.0891 0 0
0.5016 0.0737 0 1
0.5016 0.1022 0 2
0.5016 0.0255 0 -1
0.5028 0.0891 0 0
0.5028 0.0737 0 1
0.5028 0.1022 0 2
0.5028 0.0255 0 -1
0.5040 0.0891 0 0
0.5040 0.0737 0 1
0.5040 0.1022 0 2
0.5040 0.0255 0 -1
0.5052 0.0891 0 0
0.5052 0.0737 0 1
0.5052 0.1022 0 2
0.5052 0.0255 0 -1
0.5064 0.0891 0 0
0.5064 0.0737 0 1
0.5064 0.1022 0 2
0.5064 0.0255 0 -1
0.5076 0.0891 0 0
0.5076 0.0737 0 1
0.5076 0.1022 0 2
0.5076 0.0255 0 -1
0.5088 0.0891 0 0
0.5088 0.0737 0 1
0.5088 0.1022 0 2
0.5088 0.0255 0 -1
0.5100 0.0868 0 0
0.5100 0.0731 0 1
0.5100 0.0989 0 2
0.5100 0.0251 0 -1
0.5112 0.0868 0 0
0.5112 0.0731 0 1
0.5112 0.0989 0 2
0.5112 0.0251 0 -1
0.5124 0.0868 0 0
0.5124 0.0731 0 1
0.5124 0.0989 0 2
0.5124 0.0251 0 -1
0.5136 0.0868 0 0
0.5136 0.0731 0 1
0.5136 0.0989 0 2
0.5136 0.0251 0 -1
0.5148 0.0868 0 0
0.5148 0.0731 0 1
0.5148 0.0989 0 2
0.5148 0.0251 0 -1
0.5160 0.0868 0 0
0.5160 0.0731 0 1
0.5160 0.0989 0 2
0.5160 0.0251 0 -1
0.5172 0.0868 0 0
0.5172 0.0731 0 1
0.5172 0.0989 0 2
0.5172 0.0251 0 -1
0.5184 0.0868 0 0
0.5184 0.0731 0 1
0.5184 0.0989 0 2
0.5184 0.0251 0 -1
0.5196 0.0868 0 0
0.5196 0.0731 0 1
0.5196 0.0989 0 2
0.5196 0.0251 0 -1
0.5208 0.0868 0 0
0.5208 0.0731 0 1
0.5208 0.0989 0 2
0.5208 0.0251 0 -1
0.5220 0.0868 0 0
0.5220 0.0731 0 1
0.5220 0.0989 0 2
0.5220 0.0251 0 -1
0.5232 0.0868 0 0
0.5232 0.0731 0 1
0.5232 0.0989 0 2
0.5232 0.0251 0 -1
0.5244 0.0868 0 0
0.5244 0.0731 0 1
0.5244 0.0989 0 2
0.5244 0.0251 0 -1
0.5256 0.0868 0 0
0.5256 0.0731 0 1
0.5256 0.0989 0 2
0.5256 0.0251 0 -1
0.5268 0.0868 0 0
0.5268 0.0731 0 1
0.5268 0.0989 0 2
0.5268 0.0251 0 -1
0.5280 0.0868 0 0
0.5280 0.0731 0 1
0.5280 0.0989 0 2
0.5280 0.0251 0 -1
0.5292 0.0868 0 0
0.5292 0.0731 0 1
0.5292 0.0989 0 2
0.5292 0.0251 0 -1
0.5304 0.0868 0 0
0.5304 0.0731 0 1
0.5304 0.0989 0 2
0.5304 0.0251 0 -1
0.5316 0.0868 0 0
0.5316 0.0731 0 1
0.5316 0.0989 0 2
0.5316 0.0251 0 -1
0.5328 0.0868 0 0
0.5328 0.0731 0 1
0.5328 0.0989 0 2
0.5328 0.0251 0 -1
0.5340 0.0868 0 0
0.5340 0.0731 0 1
0.5340 0.0989 0 2
0.5340 0.0251 0 -1
0.5352 0.0868 0 0
0.5352 0.0731 0 1
0.5352 0.0989 0 2
0.5352 0.0251 0 -1
0.5364 0.0868 0 0
0.5364 0.0731 0 1
0.5364 0.0989 0 2
0.5364 0.0251 0 -1
0.5376 0.0868 0 0
0.5376 0.0731 0 1
0.5376 0.0989 0 2
0.5376 0.0251 0 -1
0.5388 0.0868 0 0
0.5388 0.0731 0 1
0.5388 0.0989 0 2
0.5388 0.0251 0 -1
0.5400 0.0845 0 0
0.5400 0.0725 0 1
0.5400 0.0957 0 2
0.5400 0.0247 0 -1
0.5412 0.0845 0 0
0.5412 0.0725 0 1
0.5412 0.0957 0 2
0.5412 0.0247 0 -1
0.5424 0.0845 0 0
0.5424 0.0725 0 1
0.5424 0.0957 0 2
0.5424 0.0247 0 -1
0.5436 0.0845 0 0
0.5436 0.0725 0 1
0.5436 0.0957 0 2
0.5436 0.0247 0 -1
0.5448 0.0845 0 0
0.5448 0.0725 0 1
0.5448 0.0957 0 2
0.5448 0.0247 0 -1
0.5460 0.0845 0 0
0.5460 0.0725 0 1
0.5460 0.0957 0 2
0.5460 0.0247 0 -1
0.5472 0.0845 0 0
0.5472 0.0725 0 1
0.5472 0.0957 0 2
0.5472 0.0247 0 -1
0.5484 0.0845 0 0
0.5484 0.0725 0 1
0.5484 0.0957 0 2
0.5484 0.0247 0 -1
0.5496 0.0845 0 0
0.5496 0.0725 0 1
0.5496 0.0957 0 2
0.5496 0.0247 0 -1
0.5508 0.0845 0 0
0.5508 0.0725 0 1
0.5508 0.0957 0 2
0.5508 0.0247 0 -1
0.5520 0.0845 0 0
0.5520 0.0725 0 1
0.5520 0.0957 0 2
0.5520 0.0247 0 -1
0.5532 0.0845 0 0
0.5532 0.0725 0 1
0.5532 0.0957 0 2
0.5532 0.0247 0 -1
0.5544 0.0845 0 0
0.5544 0.0725 0 1
0.5544 0.0957 0 2
0.5544 0.0247 0 -1
0.5556 0.0845 0 0
0.5556 0.0725 0 1
0.5556 0.0957 0 2
0.5556 0.0247 0 -1
0.5568 0.0845 0 0
0.5568 0.0725 0 1
0.5568 0.0957 0 2
0.5568 0.0247 0 -1
0.5580 0.0845 0 0
0.5580 0.0725 0 1
0.5580 0.0957 0 2
0.5580 0.0247 0 -1
0.5592 0.0845 0 0
0.5592 0.0725 0 1
0.5592 0.0957 0 2
0.5592 0.0247 0 -1
0.5604 0.0845 0 0
0.5604 0.0725 0 1
0.5604 0.0957 0 2
0.5604 0.0247 0 -1
0.5616 0.0845 0 0
0.5616 0.0725 0 1
0.5616 0.0957 0 2
0.5616 0.0247 0 -1
0.5628 0.0845 0 0
0.5628 0.0725 0 1
0.5628 0.0957 0 2
0.5628 0.0247 0 -1
0.5640 0.0845 0 0
0.5640 0.0725 0 1
0.5640 0.0957 0 2
0.5640 0.0247 0 -1
0.5652 0.0845 0 0
0.5652 0.0725 0 1
0.5652 0.0957 0 2
0.5652 0.0247 0 -1
0.5664 0.0845 0 0
0.5664 0.0725 0 1
0.5664 0.0957 0 2
0.5664 0.0247 0 -1
0.5676 0.0845 0 0
0.5676 0.0725 0 1
0.5676 0.0957 0 2
0.5676 0.0247 0 -1
0.5688 0.0845 0 0
0.5688 0.0725 0 1
0.5688 0.0957 0 2
0.5688 0.0247 0 -1
0.5700 0.0823 0 0
0.5700 0.0719 0 1
0.5700 0.0926 0 2
0.5700 0.0243 0 -1
0.5712 0.0823 0 0
0.5712 0.0719 0 1
0.5712 0.0926 0 2
0.5712 0.0243 0 -1
0.5724 0.0823 0 0
0.5724 0.0719 0 1
0.5724 0.0926 0 2
0.5724 0.0243 0 -1
0.5736 0.0823 0 0
0.5736 0.0719 0 1
0.5736 0.0926 0 2
0.5736 0.0243 0 -1
0.5748 0.0823 0 0
0.5748 0.0719 0 1
0.5748 0.0926 0 2
0.5748 0.0243 0 -1
0.5760 0.0823 0 0
0.5760 0.0719 0 1
0.5760 0.0926 0 2
0.5760 0.0243 0 -1
0.5772 0.0823 0 0
0.5772 0.0719 0 1
0.5772 0.0926 0 2
0.5772 0.0243 0 -1
0.5784 0.0823 0 0
0.5784 0.0719 0 1
0.5784 0.0926 0 2
0.5784 0.0243 0 -1
0.5796 0.0823 0 0
0.5796 0.0719 0 1
0.5796 0.0926 0 2
0.5796 0.0243 0 -1
0.5808 0.0823 0 0
0.5808 0.0719 0 1
0.5808 0.0926 0 2
0.5808 0.0243 0 -1
0.5820 0.0823 0 0
0.5820 0.0719 0 1
0.5820 0.0926 0 2
0.5820 0.0243 0 -1
0.5832 0.0823 0 0
0.5832 0.0719 0 1
0.5832 0.0926 0 2
0.5832 0.0243 0 -1
0.5844 0.0823 0 0
0.5844 0.0719 0 1
0.5844 0.0926 0 2
0.5844 0.0243 0 -1
0.5856 0.0823 0 0
0.5856 0.0719 0 1
0.5856 0.0926 0 2
0.5856 0.0243 0 -1
0.5868 0.0823 0 0
0.5868 0.0719 0 1
0.5868 0.0926 0 2
0.5868 0.0243 0 -1
0.5880 0.0823 0 0
0.5880 0.0719 0 1
0.5880 0.0926 0 2
0.5880 0.0243 0 -1
0.5892 0.0823 0 0
0.5892 0.0719 0 1
0.5892 0.0926 0 2
0.5892 0.0243 0 -1
0.5904 0.0823 0 0
0.5904 0.0719 0 1
0.5904 0.0926 0 2
0.5904 0.0243 0 -1
0.5916 0.0823 0 0
0.5916 0.0719 0 1
0.5916 0.0926 0 2
0.5916 0.0243 0 -1
0.5928 0.0823 0 0
0.5928 0.0719 0 1
0.5928 0.0926 0 2
0.5928 0.0243 0 -1
0.5940 0.0823 0 0
0.5940 0.0719 0 1
0.5940 0.0926 0 2
0.5940 0.0243 0 -1
0.5952 0.0823 0 0
0.5952 0.0719 0 1
0.5952 0.0926 0 2
0.5952 0.0243 0 -1
0.5964 0.0823 0 0
0.5964 0.0719 0 1
0.5964 0.0926 0 2
0.5964 0.0243 0 -1
0.5976 0.0823 0 0
0.5976 0.0719 0 1
0.5976 0.0926 0 2
0.5976 0.0243 0 -1
0.5988 0.0823 0 0
0.5988 0.0719 0 1
0.5988 0.0926 0 2
0.5988 0.0243 0 -1
0.6000 0.0802 0 0
0.6000 0.0712 0 1
0.6000 0.0897 0 2
0.6000 0.0240 0 -1
0.6012 0.0802 0 0
0.6012 0.0712 0 1
0.6012 0.0897 0 2
0.6012 0.0240 0 -1
0.6024 0.0802 0 0
0.6024 0.0712 0 1
0.6024 0.0897 0 2
0.6024 0.0240 0 -1
0.6036 0.0802 0 0
0.6036 0.0712 0 1
0.6036 0.0897 0 2
0.6036 0.0240 0 -1
0.6048 0.0802 0 0
0.6048 0.0712 0 1
0.6048 0.0897 0 2
0.6048 0.0240 0 -1
0.6060 0.0802 0 0
0.6060 0.0712 0 1
0.6060 0.0897 0 2
0.6060 0.0240 0 -1
0.6072 0.0802 0 0
0.6072 0.0712 0 1
0.6072 0.0897 0 2
0.6072 0.0240 0 -1
0.6084 0.0802 0 0
0.6084 0.0712 0 1
0.6084 0.0897 0 2
0.6084 0.0240 0 -1
0.6096 0.0802 0 0
0.6096 0.0712 0 1
0.6096 0.0897 0 2
0.6096 0.0240 0 -1
0.6108 0.0802 0 0
0.6108 0.0712 0 1
0.6108 0.0897 0 2
0.6108 0.0240 0 -1
0.6120 0.0802 0 0
0.6120 0.0712 0 1
0.6120 0.0897 0 2
0.6120 0.0240 0 -1
0.6132 0.0802 0 0
0.6132 0.0712 0 1
0.6132 0.0897 0 2
0.6132 0.0240 0 -1
0.6144 0.0802 0 0
0.6144 0.0712 0 1
0.6144 0.0897 0 2
0.6144 0.0240 0 -1
0.6156 0.0802 0 0
0.6156 0.0712 0 1
0.6156 0.0897 0 2
0.6156 0.0240 0 -1
0.6168 0.0802 0 0
0.6168 0.0712 0 1
0.6168 0.0897 0 2
0.6168 0.0240 0 -1
0.6180 0.0802 0 0
0.6180 0.0712 0 1
0.6180 0.0897 0 2
0.6180 0.0240 0 -1
0.6192 0.0802 0 0
0.6192 0.0712 0 1
0.6192 0.0897 0 2
0.6192 0.0240 0 -1
0.6204 0.0802 0 0
0.6204 0.0712 0 1
0.6204 0.0897 0 2
0.6204 0.0240 0 -1
0.6216 0.0802 0 0
0.6216 0.0712 0 1
0.6216 0.0897 0 2
0.6216 0.0240 0 -1
0.6228 0.0802 0 0
0.6228 0.0712 0 1
0.6228 0.0897 0 2
0.6228 0.0240 0 -1
0.6240 0.0802 0 0
0.6240 0.0712 0 1
0.6240 0.0897 0 2
0.6240 0.0240 0 -1
0.6252 0.0802 0 0
0.6252 0.0712 0 1
0.6252 0.0897 0 2
0.6252 0.0240 0 -1
0.6264 0.0802 0 0
0.6264 0.0712 0 1
0.6264 0.0897 0 2
0.6264 0.0240 0 -1
0.6276 0.0802 0 0
0.6276 0.0712 0 1
0.6276 0.0897 0 2
0.6276 0.0240 0 -1
0.6288 0.0802 0 0
0.6288 0.0712 0 1
0.6288 0.0897 0 2
0.6288 0.0240 0 -1
0.6300 0.0780 0 0
0.6300 0.0705 0 1
0.6300 0.0869 0 2
0.6300 0.0236 0 -1
0.6312 0.0780 0 0
0.6312 0.0705 0 1
0.6312 0.0869 0 2
0.6312 0.0236 0 -1
0.6324 0.0780 0 0
0.6324 0.0705 0 1
0.6324 0.0869 0 2
0.6324 0.0236 0 -1
0.6336 0.0780 0 0
0.6336 0.0705 0 1
0.6336 0.0869 0 2
0.6336 0.0236 0 -1
0.6348 0.0780 0 0
0.6348 0.0705 0 1
0.6348 0.0869 0 2
0.6348 0.0236 0 -1
0.6360 0.0780 0 0
0.6360 0.0705 0 1
0.6360 0.0869 0 2
0.6360 0.0236 0 -1
0.6372 0.0780 0 0
0.6372 0.0705 0 1
0.6372 0.0869 0 2
0.6372 0.0236 0 -1
0.6384 0.0780 0 0
0.6384 0.0705 0 1
0.6384 0.0869 0 2
0.6384 0.0236 0 -1
0.6396 0.0780 0 0
0.6396 0.0705 0 1
0.6396 0.0869 0 2
0.6396 0.0236 0 -1
0.6408 0.0780 0 0
0.6408 0.0705 0 1
0.6408 0.0869 0 2
0.6408 0.0236 0 -1
0.6420 0.0780 0 0
0.6420 0.0705 0 1
0.6420 0.0869 0 2
0.6420 0.0236 0 -1
0.6432 0.0780 0 0
0.6432 0.0705 0 1
0.6432 0.0869 0 2
0.6432 0.0236 0 -1
0.6444 0.0780 0 0
0.6444 0.0705 0 1
0.6444 0.0869 0 2
0.6444 0.0236 0 -1
0.6456 0.0780 0 0
0.6456 0.0705 0 1
0.6456 0.0869 0 2
0.6456 0.0236 0 -1
0.6468 0.0780 0 0
0.6468 0.0705 0 1
0.6468 0.0869 0 2
0.6468 0.0236 0 -1
0.6480 0.0780 0 0
0.6480 0.0705 0 1
0.6480 0.0869 0 2
0.6480 0.0236 0 -1
0.6492 0.0780 0 0
0.6492 0.0705 0 1
0.6492 0.0869 0 2
0.6492 0.0236 0 -1
0.6504 0.0780 0 0
0.6504 0.0705 0 1
0.6504 0.0869 0 2
0.6504 0.0236 0 -1
0.6516 0.0780 0 0
0.6516 0.0705 0 1
0.6516 0.0869 0 2
0.6516 0.0236 0 -1
0.6528 0.0780 0 0
0.6528 0.0705 0 1
0.6528 0.0869 0 2
0.6528 0.0236 0 -1
0.6540 0.0780 0 0
0.6540 0.0705 0 1
0.6540 0.0869 0 2
0.6540 0.0236 0 -1
0.6552 0.0780 0 0
0.6552 0.0705 0 1
0.6552 0.0869 0 2
0.6552 0.0236 0 -1
0.6564 0.0780 0 0
0.6564 0.0705 0 1
0.6564 0.0869 0 2
0.6564 0.0236 0 -1
0.6576 0.0780 0 0
0.6576 0.0705 0 1
0.6576 0.0869 0 2
0.6576 0.0236 0 -1
0.6588 0.0780 0 0
0.6588 0.0705 0 1
0.6588 0.0869 0 2
0.6588 0.0236 0 -1
0.6600 0.0759 0 0
0.6600 0.0697 0 1
0.6600 0.0842 0 2
0.6600 0.0233 0 -1
0.6612 0.0759 0 0
0.6612 0.0697 0 1
0.6612 0.0842 0 2
0.6612 0.0233 0 -1
0.6624 0.0759 0 0
0.6624 0.0697 0 1
0.6624 0.0842 0 2
0.6624 0.0233 0 -1
0.6636 0.0759 0 0
0.6636 0.0697 0 1
0.6636 0.0842 0 2
0.6636 0.0233 0 -1
0.6648 0.0759 0 0
0.6648 0.0697 0 1
0.6648 0.0842 0 2
0.6648 0.0233 0 -1
0.6660 0.0759 0 0
0.6660 0.0697 0 1
0.6660 0.0842 0 2
0.6660 0.0233 0 -1
0.6672 0.0759 0 0
0.6672 0.0697 0 1
0.6672 0.0842 0 2
0.6672 0.0233 0 -1
0.6684 0.0759 0 0
0.6684 0.0697 0 1
0.6684 0.0842 0 2
0.6684 0.0233 0 -1
0.6696 0.0759 0 0
0.6696 0.0697 0 1
0.6696 0.0842 0 2
0.6696 0.0233 0 -1
0.6708 0.0759 0 0
0.6708 0.0697 0 1
0.6708 0.0842 0 2
0.6708 0.0233 0 -1
0.6720 0.0759 0 0
0.6720 0.0697 0 1
0.6720 0.0842 0 2
0.6720 0.0233 0 -1
0.6732 0.0759 0 0
0.6732 0.0697 0 1
0.6732 0.0842 0 2
0.6732 0.0233 0 -1
0.6744 0.0759 0 0
0.6744 0.0697 0 1
0.6744 0.0842 0 2
0.6744 0.0233 0 -1
0.6756 0.0759 0 0
0.6756 0.0697 0 1
0.6756 0.0842 0 2
0.6756 0.0233 0 -1
0.6768 0.0759 0 0
0.6768 0.0697 0 1
0.6768 0.0842 0 2
0.6768 0.0233 0 -1
0.6780 0.0759 0 0
0.6780 0.0697 0 1
0.6780 0.0842 0 2
0.6780 0.0233 0 -1
0.6792 0.0759 0 0
0.6792 0.0697 0 1
0.6792 0.0842 0 2
0.6792 0.0233 0 -1
0.6804 0.0759 0 0
0.6804 0.0697 0 1
0.6804 0.0842 0 2
0.6804 0.0233 0 -1
0.6816 0.0759 0 0
0.6816 0.0697 0 1
0.6816 0.0842 0 2
0.6816 0.0233 0 -1
0.6828 0.0759 0 0
0.6828 0.0697 0 1
0.6828 0.0842 0 2
0.6828 0.0233 0 -1
0.6840 0.0759 0 0
0.6840 0.0697 0 1
0.6840 0.0842 0 2
0.6840 0.0233 0 -1
0.6852 0.0759 0 0
0.6852 0.0697 0 1
0.6852 0.0842 0 2
0.6852 0.0233 0 -1
0.6864 0.0759 0 0
0.6864 0.0697 0 1
0.6864 0.0842 0 2
0.6864 0.0233 0 -1
0.6876 0.0759 0 0
0.6876 0.0697 0 1
0.6876 0.0842 0 2
0.6876 0.0233 0 -1
0.6888 0.0759 0 0
0.6888 0.0697 0 1
0.6888 0.0842 0 2
0.6888 0.0233 0 -1
0.6900 0.0738 0 0
0.6900 0.0689 0 1
0.6900 0.0816 0 2
0.6900 0.0230 0 -1
0.6912 0.0738 0 0
0.6912 0.0689 0 1
0.6912 0.0816 0 2
0.6912 0.0230 0 -1
0.6924 0.0738 0 0
0.6924 0.0689 0 1
0.6924 0.0816 0 2
0.6924 0.0230 0 -1
0.6936 0.0738 0 0
0.6936 0.0689 0 1
0.6936 0.0816 0 2
0.6936 0.0230 0 -1
0.6948 0.0738 0 0
0.6948 0.0689 0 1
0.6948 0.0816 0 2
0.6948 0.0230 0 -1
0.6960 0.0738 0 0
0.6960 0.0689 0 1
0.6960 0.0816 0 2
0.6960 0.0230 0 -1
0.6972 0.0738 0 0
0.6972 0.0689 0 1
0.6972 0.0816 0 2
0.6972 0.0230 0 -1
0.6984 0.0738 0 0
0.6984 0.0689 0 1
0.6984 0.0816 0 2
0.6984 0.0230 0 -1
0.6996 0.0738 0 0
0.6996 0.0689 0 1
0.6996 0.0816 0 2
0.6996 0.0230 0 -1
0.7008 0.0738 0 0
0.7008 0.0689 0 1
0.7008 0.0816 0 2
0.7008 0.0230 0 -1
0.7020 0.0738 0 0
0.7020 0.0689 0 1
0.7020 0.0816 0 2
0.7020 0.0230 0 -1
0.7032 0.0738 0 0
0.7032 0.0689 0 1
0.7032 0.0816 0 2
0.7032 0.0230 0 -1
0.7044 0.0738 0 0
0.7044 0.0689 0 1
0.7044 0.0816 0 2
0.7044 0.0230 0 -1
0.7056 0.0738 0 0
0.7056 0.0689 0 1
0.7056 0.0816 0 2
0.7056 0.0230 0 -1
0.7068 0.0738 0 0
0.7068 0.0689 0 1
0.7068 0.0816 0 2
0.7068 0.0230 0 -1
0.7080 0.0738 0 0
0.7080 0.0689 0 1
0.7080 0.0816 0 2
0.7080 0.0230 0 -1
0.7092 0.0738 0 0
0.7092 0.0689 0 1
0.7092 0.0816 0 2
0.7092 0.0230 0 -1
0.7104 0.0738 0 0
0.7104 0.0689 0 1
0.7104 0.0816 0 2
0.7104 0.0230 0 -1
0.7116 0.0738 0 0
0.7116 0.0689 0 1
0.7116 0.0816 0 2
0.7116 0.0230 0 -1
0.7128 0.0738 0 0
0.7128 0.0689 0 1
0.7128 0.0816 0 2
0.7128 0.0230 0 -1
0.7140 0.0738 0 0
0.7140 0.0689 0 1
0.7140 0.0816 0 2
0.7140 0.0230 0 -1
0.7152 0.0738 0 0
0.7152 0.0689 0 1
0.7152 0.0816 0 2
0.7152 0.0230 0 -1
0.7164 0.0738 0 0
0.7164 0.0689 0 1
0.7164 0.0816 0 2
0.7164 0.0230 0 -1
0.7176 0.0738 0 0
0.7176 0.0689 0 1
0.7176 0.0816 0 2
0.7176 0.0230 0 -1
0.7188 0.0738 0 0
0.7188 0.0689 0 1
0.7188 0.0816 0 2
0.7188 0.0230 0 -1
0.7200 0.0718 0 0
0.7200 0.0680 0 1
0.7200 0.0790 0 2
0.7200 0.0227 0 -1
0.7212 0.0718 0 0
0.7212 0.0680 0 1
0.7212 0.0790 0 2
0.7212 0.0227 0 -1
0.7224 0.0718 0 0
0.7224 0.0680 0 1
0.7224 0.0790 0 2
0.7224 0.0227 0 -1
0.7236 0.0718 0 0
0.7236 0.0680 0 1
0.7236 0.0790 0 2
0.7236 0.0227 0 -1
0.7248 0.0718 0 0
0.7248 0.0680 0 1
0.7248 0.0790 0 2
0.7248 0.0227 0 -1
0.7260 0.0718 0 0
0.7260 0.0680 0 1
0.7260 0.0790 0 2
0.7260 0.0227 0 -1
0.7272 0.0718 0 0
0.7272 0.0680 0 1
0.7272 0.0790 0 2
0.7272 0.0227 0 -1
0.7284 0.0718 0 0
0.7284 0.0680 0 1
0.7284 0.0790 0 2
0.7284 0.0227 0 -1
0.7296 0.0718 0 0
0.7296 0.0680 0 1
0.7296 0.0790 0 2
0.7296 0.0227 0 -1
0.7308 0.0718 0 0
0.7308 0.0680 0 1
0.7308 0.0790 0 2
0.7308 0.0227 0 -1
0.7320 0.0718 0 0
0.7320 0.0680 0 1
0.7320 0.0790 0 2
0.7320 0.0227 0 -1
0.7332 0.0718 0 0
0.7332 0.0680 0 1
0.7332 0.0790 0 2
0.7332 0.0227 0 -1
0.7344 0.0718 0 0
0.7344 0.0680 0 1
0.7344 0.0790 0 2
0.7344 0.0227 0 -1
0.7356 0.0718 0 0
0.7356 0.0680 0 1
0.7356 0.0790 0 2
0.7356 0.0227 0 -1
0.7368 0.0718 0 0
0.7368 0.0680 0 1
0.7368 0.0790 0 2
0.7368 0.0227 0 -1
0.7380 0.0718 0 0
0.7380 0.0680 0 1
0.7380 0.0790 0 2
0.7380 0.0227 0 -1
0.7392 0.0718 0 0
0.7392 0.0680 0 1
0.7392 0.0790 0 2
0.7392 0.0227 0 -1
0.7404 0.0718 0 0
0.7404 0.0680 0 1
0.7404 0.0790 0 2
0.7404 0.0227 0 -1
0.7416 0.0718 0 0
0.7416 0.0680 0 1
0.7416 0.0790 0 2
0.7416 0.0227 0 -1
0.7428 0.0718 0 0
0.7428 0.0680 0 1
0.7428 0.0790 0 2
0.7428 0.0227 0 -1
0.7440 0.0718 0 0
0.7440 0.0680 0 1
0.7440 0.0790 0 2
0.7440 0.0227 0 -1
0.7452 0.0718 0 0
0.7452 0.0680 0 1
0.7452 0.0790 0 2
0.7452 0.0227 0 -1
0.7464 0.0718 0 0
0.7464 0.0680 0 1
0.7464 0.0790 0 2
0.7464 0.0227 0 -1
0.7476 0.0718 0 0
0.7476 0.0680 0 1
0.7476 0.0790 0 2
0.7476 0.0227 0 -1
0.7488 0.0718 0 0
0.7488 0.0680 0 1
0.7488 0.0790 0 2
0.7488 0.0227 0 -1
0.7500 0.0698 0 0
0.7500 0.0671 0 1
0.7500 0.0766 0 2
0.7500 0.0224 0 -1
0.7512 0.0698 0 0
0.7512 0.0671 0 1
0.7512 0.0766 0 2
0.7512 0.0224 0 -1
0.7524 0.0698 0 0
0.7524 0.0671 0 1
0.7524 0.0766 0 2
0.7524 0.0224 0 -1
0.7536 0.0698 0 0
0.7536 0.0671 0 1
0.7536 0.0766 0 2
0.7536 0.0224 0 -1
0.7548 0.0698 0 0
0.7548 0.0671 0 1
0.7548 0.0766 0 2
0.7548 0.0224 0 -1
0.7560 0.0698 0 0
0.7560 0.0671 0 1
0.7560 0.0766 0 2
0.7560 0.0224 0 -1
0.7572 0.0698 0 0
0.7572 0.0671 0 1
0.7572 0.0766 0 2
0.7572 0.0224 0 -1
0.7584 0.0698 0 0
0.7584 0.0671 0 1
0.7584 0.0766 0 2
0.7584 0.0224 0 -1
0.7596 0.0698 0 0
0.7596 0.0671 0 1
0.7596 0.0766 0 2
0.7596 0.0224 0 -1
0.7608 0.0698 0 0
0.7608 0.0671 0 1
0.7608 0.0766 0 2
0.7608 0.0224 0 -1
0.7620 0.0698 0 0
0.7620 0.0671 0 1
0.7620 0.0766 0 2
0.7620 0.0224 0 -1
0.7632 0.0698 0 0
0.7632 0.0671 0 1
0.7632 0.0766 0 2
0.7632 0.0224 0 -1
0.7644 0.0698 0 0
0.7644 0.0671 0 1
0.7644 0.0766 0 2
0.7644 0.0224 0 -1
0.7656 0.0698 0 0
0.7656 0.0671 0 1
0.7656 0.0766 0 2
0.7656 0.0224 0 -1
0.7668 0.0698 0 0
0.7668 0.0671 0 1
0.7668 0.0766 0 2
0.7668 0.0224 0 -1
0.7680 0.0698 0 0
0.7680 0.0671 0 1
0.7680 0.0766 0 2
0.7680 0.0224 0 -1
0.7692 0.0698 0 0
0.7692 0.0671 0 1
0.7692 0.0766 0 2
0.7692 0.0224 0 -1
0.7704 0.0698 0 0
0.7704 0.0671 0 1
0.7704 0.0766 0 2
0.7704 0.0224 0 -1
0.7716 0.0698 0 0
0.7716 0.0671 0 1
0.7716 0.0766 0 2
0.7716 0.0224 0 -1
0.7728 0.0698 0 0
0.7728 0.0671 0 1
0.7728 0.0766 0 2
0.7728 0.0224 0 -1
0.7740 0.0698 0 0
0.7740 0.0671 0 1
0.7740 0.0766 0 2
0.7740 0.0224 0 -1
0.7752 0.0698 0 0
0.7752 0.0671 0 1
0.7752 0.0766 0 2
0.7752 0.0224 0 -1
0.7764 0.0698 0 0
0.7764 0.0671 0 1
0.7764 0.0766 0 2
0.7764 0.0224 0 -1
0.7776 0.0698 0 0
0.7776 0.0671 0 1
0.7776 0.0766 0 2
0.7776 0.0224 0 -1
0.7788 0.0698 0 0
0.7788 0.0671 0 1
0.7788 0.0766 0 2
0.7788 0.0224 0 -1
0.7800 0.0678 0 0
0.7800 0.0662 0 1
0.7800 0.0742 0 2
0.7800 0.0221 0 -1
0.7812 0.0678 0 0
0.7812 0.0662 0 1
0.7812 0.0742 0 2
0.7812 0.0221 0 -1
0.7824 0.0678 0 0
0.7824 0.0662 0 1
0.7824 0.0742 0 2
0.7824 0.0221 0 -1
0.7836 0.0678 0 0
0.7836 0.0662 0 1
0.7836 0.0742 0 2
0.7836 0.0221 0 -1
0.7848 0.0678 0 0
0.7848 0.0662 0 1
0.7848 0.0742 0 2
0.7848 0.0221 0 -1
0.7860 0.0678 0 0
0.7860 0.0662 0 1
0.7860 0.0742 0 2
0.7860 0.0221 0 -1
0.7872 0.0678 0 0
0.7872 0.0662 0 1
0.7872 0.0742 0 2
0.7872 0.0221 0 -1
0.7884 0.0678 0 0
0.7884 0.0662 0 1
0.7884 0.0742 0 2
0.7884 0.0221 0 -1
0.7896 0.0678 0 0
0.7896 0.0662 0 1
0.7896 0.0742 0 2
0.7896 0.0221 0 -1
0.7908 0.0678 0 0
0.7908 0.0662 0 1
0.7908 0.0742 0 2
0.7908 0.0221 0 -1
0.7920 0.0678 0 0
0.7920 0.0662 0 1
0.7920 0.0742 0 2
0.7920 0.0221 0 -1
0.7932 0.0678 0 0
0.7932 0.0662 0 1
0.7932 0.0742 0 2
0.7932 0.0221 0 -1
0.7944 0.0678 0 0
0.7944 0.0662 0 1
0.7944 0.0742 0 2
0.7944 0.0221 0 -1
0.7956 0.0678 0 0
0.7956 0.0662 0 1
0.7956 0.0742 0 2
0.7956 0.0221 0 -1
0.7968 0.0678 0 0
0.7968 0.0662 0 1
0.7968 0.0742 0 2
0.7968 0.0221 0 -1
0.7980 0.0678 0 0
0.7980 0.0662 0 1
0.7980 0.0742 0 2
0.7980 0.0221 0 -1
0.7992 0.0678 0 0
0.7992 0.0662 0 1
0.7992 0.0742 0 2
0.7992 0.0221 0 -1
0.8004 0.0678 0 0
0.8004 0.0662 0 1
0.8004 0.0742 0 2
0.8004 0.0221 0 -1
0.8016 0.0678 0 0
0.8016 0.0662 0 1
0.8016 0.0742 0 2
0.8016 0.0221 0 -1
0.8028 0.0678 0 0
0.8028 0.0662 0 1
0.8028 0.0742 0 2
0.8028 0.0221 0 -1
0.8040 0.0678 0 0
0.8040 0.0662 0 1
0.8040 0.0742 0 2
0.8040 0.0221 0 -1
0.8052 0.0678 0 0
0.8052 0.0662 0 1
0.8052 0.0742 0 2
0.8052 0.0221 0 -1
0.8064 0.0678 0 0
0.8064 0.0662 0 1
0.8064 0.0742 0 2
0.8064 0.0221 0 -1
0.8076 0.0678 0 0
0.8076 0.0662 0 1
0.8076 0.0742 0 2
0.8076 0.0221 0 -1
0.8088 0.0678 0 0
0.8088 0.0662 0 1
0.8088 0.0742 0 2
0.8088 0.0221 0 -1
0.8100 0.0659 0 0
0.8100 0.0652 0 1
0.8100 0.0719 0 2
0.8100 0.0219 0 -1
0.8112 0.0659 0 0
0.8112 0.0652 0 1
0.8112 0.0719 0 2
0.8112 0.0219 0 -1
0.8124 0.0659 0 0
0.8124 0.0652 0 1
0.8124 0.0719 0 2
0.8124 0.0219 0 -1
0.8136 0.0659 0 0
0.8136 0.0652 0 1
0.8136 0.0719 0 2
0.8136 0.0219 0 -1
0.8148 0.0659 0 0
0.8148 0.0652 0 1
0.8148 0.0719 0 2
0.8148 0.0219 0 -1
0.8160 0.0659 0 0
0.8160 0.0652 0 1
0.8160 0.0719 0 2
0.8160 0.0219 0 -1
0.8172 0.0659 0 0
0.8172 0.0652 0 1
0.8172 0.0719 0 2
0.8172 0.0219 0 -1
0.8184 0.0659 0 0
0.8184 0.0652 0 1
0.8184 0.0719 0 2
0.8184 0.0219 0 -1
0.8196 0.0659 0 0
0.8196 0.0652 0 1
0.8196 0.0719 0 2
0.8196 0.0219 0 -1
0.8208 0.0659 0 0
0.8208 0.0652 0 1
0.8208 0.0719 0 2
0.8208 0.0219 0 -1
0.8220 0.0659 0 0
0.8220 0.0652 0 1
0.8220 0.0719 0 2
0.8220 0.0219 0 -1
0.8232 0.0659 0 0
0.8232 0.0652 0 1
0.8232 0.0719 0 2
0.8232 0.0219 0 -1
0.8244 0.0659 0 0
0.8244 0.0652 0 1
0.8244 0.0719 0 2
0.8244 0.0219 0 -1
0.8256 0.0659 0 0
0.8256 0.0652 0 1
0.8256 0.0719 0 2
0.8256 0.0219 0 -1
0.8268 0.0659 0 0
0.8268 0.0652 0 1
0.8268 0.0719 0 2
0.8268 0.0219 0 -1
0.8280 0.0659 0 0
0.8280 0.0652 0 1
0.8280 0.0719 0 2
0.8280 0.0219 0 -1
0.8292 0.0659 0 0
0.8292 0.0652 0 1
0.8292 0.0719 0 2
0.8292 0.0219 0 -1
0.8304 0.0659 0 0
0.8304 0.0652 0 1
0.8304 0.0719 0 2
0.8304 0.0219 0 -1
0.8316 0.0659 0 0
0.8316 0.0652 0 1
0.8316 0.0719 0 2
0.8316 0.0219 0 -1
0.8328 0.0659 0 0
0.8328 0.0652 0 1
0.8328 0.0719 0 2
0.8328 0.0219 0 -1
0.8340 0.0659 0 0
0.8340 0.0652 0 1
0.8340 0.0719 0 2
0.8340 0.0219 0 -1
0.8352 0.0659 0 0
0.8352 0.0652 0 1
0.8352 0.0719 0 2
0.8352 0.0219 0 -1
0.8364 0.0659 0 0
0.8364 0.0652 0 1
0.8364 0.0719 0 2
0.8364 0.0219 0 -1
0.8376 0.0659 0 0
0.8376 0.0652 0 1
0.8376 0.0719 0 2
0.8376 0.0219 0 -1
0.8388 0.0659 0 0
0.8388 0.0652 0 1
0.8388 0.0719 0 2
0.8388 0.0219 0 -1
0.8400 0.0640 0 0
0.8400 0.0642 0 1
0.8400 0.0697 0 2
0.8400 0.0216 0 -1
0.8412 0.0640 0 0
0.8412 0.0642 0 1
0.8412 0.0697 0 2
0.8412 0.0216 0 -1
0.8424 0.0640 0 0
0.8424 0.0642 0 1
0.8424 0.0697 0 2
0.8424 0.0216 0 -1
0.8436 0.0640 0 0
0.8436 0.0642 0 1
0.8436 0.0697 0 2
0.8436 0.0216 0 -1
0.8448 0.0640 0 0
0.8448 0.0642 0 1
0.8448 0.0697 0 2
0.8448 0.0216 0 -1
0.8460 0.0640 0 0
0.8460 0.0642 0 1
0.8460 0.0697 0 2
0.8460 0.0216 0 -1
0.8472 0.0640 0 0
0.8472 0.0642 0 1
0.8472 0.0697 0 2
0.8472 0.0216 0 -1
0.8484 0.0640 0 0
0.8484 0.0642 0 1
0.8484 0.0697 0 2
0.8484 0.0216 0 -1
0.8496 0.0640 0 0
0.8496 0.0642 0 1
0.8496 0.0697 0 2
0.8496 0.0216 0 -1
0.8508 0.0640 0 0
0.8508 0.0642 0 1
0.8508 0.0697 0 2
0.8508 0.0216 0 -1
0.8520 0.0640 0 0
0.8520 0.0642 0 1
0.8520 0.0697 0 2
0.8520 0.0216 0 -1
0.8532 0.0640 0 0
0.8532 0.0642 0 1
0.8532 0.0697 0 2
0.8532 0.0216 0 -1
0.8544 0.0640 0 0
0.8544 0.0642 0 1
0.8544 0.0697 0 2
0.8544 0.0216 0 -1
0.8556 0.0640 0 0
0.8556 0.0642 0 1
0.8556 0.0697 0 2
0.8556 0.0216 0 -1
0.8568 0.0640 0 0
0.8568 0.0642 0 1
0.8568 0.0697 0 2
0.8568 0.0216 0 -1
0.8580 0.0640 0 0
0.8580 0.0642 0 1
0.8580 0.0697 0 2
0.8580 0.0216 0 -1
0.8592 0.0640 0 0
0.8592 0.0642 0 1
0.8592 0.0697 0 2
0.8592 0.0216 0 -1
0.8604 0.0640 0 0
0.8604 0.0642 0 1
0.8604 0.0697 0 2
0.8604 0.0216 0 -1
0.8616 0.0640 0 0
0.8616 0.0642 0 1
0.8616 0.0697 0 2
0.8616 0.0216 0 -1
0.8628 0.0640 0 0
0.8628 0.0642 0 1
0.8628 0.0697 0 2
0.8628 0.0216 0 -1
0.8640 0.0640 0 0
0.8640 0.0642 0 1
0.8640 0.0697 0 2
0.8640 0.0216 0 -1
0.8652 0.0640 0 0
0.8652 0.0642 0 1
0.8652 0.0697 0 2
0.8652 0.0216 0 -1
0.8664 0.0640 0 0
0.8664 0.0642 0 1
0.8664 0.0697 0 2
0.8664 0.0216 0 -1
0.8676 0.0640 0 0
0.8676 0.0642 0 1
0.8676 0.0697 0 2
0.8676 0.0216 0 -1
0.8688 0.0640 0 0
0.8688 0.0642 0 1
0.8688 0.0697 0 2
0.8688 0.0216 0 -1
0.8700 0.0621 0 0
0.8700 0.0631 0 1
0.8700 0.0676 0 2
0.8700 0.0214 0 -1
0.8712 0.0621 0 0
0.8712 0.0631 0 1
0.8712 0.0676 0 2
0.8712 0.0214 0 -1
0.8724 0.0621 0 0
0.8724 0.0631 0 1
0.8724 0.0676 0 2
0.8724 0.0214 0 -1
0.8736 0.0621 0 0
0.8736 0.0631 0 1
0.8736 0.0676 0 2
0.8736 0.0214 0 -1
0.8748 0.0621 0 0
0.8748 0.0631 0 1
0.8748 0.0676 0 2
0.8748 0.0214 0 -1
0.8760 0.0621 0 0
0.8760 0.0631 0 1
0.8760 0.0676 0 2
0.8760 0.0214 0 -1
0.8772 0.0621 0 0
0.8772 0.0631 0 1
0.8772 0.0676 0 2
0.8772 0.0214 0 -1
0.8784 0.0621 0 0
0.8784 0.0631 0 1
0.8784 0.0676 0 2
0.8784 0.0214 0 -1
0.8796 0.0621 0 0
0.8796 0.0631 0 1
0.8796 0.0676 0 2
0.8796 0.0214 0 -1
0.8808 0.0621 0 0
0.8808 0.0631 0 1
0.8808 0.0676 0 2
0.8808 0.0214 0 -1
0.8820 0.0621 0 0
0.8820 0.0631 0 1
0.8820 0.0676 0 2
0.8820 0.0214 0 -1
0.8832 0.0621 0 0
0.8832 0.0631 0 1
0.8832 0.0676 0 2
0.8832 0.0214 0 -1
0.8844 0.0621 0 0
0.8844 0.0631 0 1
0.8844 0.0676 0 2
0.8844 0.0214 0 -1
0.8856 0.0621 0 0
0.8856 0.0631 0 1
0.8856 0.0676 0 2
0.8856 0.0214 0 -1
0.8868 0.0621 0 0
0.8868 0.0631 0 1
0.8868 0.0676 0 2
0.8868 0.0214 0 -1
0.8880 0.0621 0 0
0.8880 0.0631 0 1
0.8880 0.0676 0 2
0.8880 0.0214 0 -1
0.8892 0.0621 0 0
0.8892 0.0631 0 1
0.8892 0.0676 0 2
0.8892 0.0214 0 -1
0.8904 0.0621 0 0
0.8904 0.0631 0 1
0.8904 0.0676 0 2
0.8904 0.0214 0 -1
0.8916 0.0621 0 0
0.8916 0.0631 0 1
0.8916 0.0676 0 2
0.8916 0.0214 0 -1
0.8928 0.0621 0 0
0.8928 0.0631 0 1
0.8928 0.0676 0 2
0.8928 0.0214 0 -1
0.8940 0.0621 0 0
0.8940 0.0631 0 1
0.8940 0.0676 0 2
0.8940 0.0214 0 -1
0.8952 0.0621 0 0
0.8952 0.0631 0 1
0.8952 0.0676 0 2
0.8952 0.0214 0 -1
0.8964 0.0621 0 0
0.8964 0.0631 0 1
0.8964 0.0676 0 2
0.8964 0.0214 0 -1
0.8976 0.0621 0 0
0.8976 0.0631 0 1
0.8976 0.0676 0 2
0.8976 0.0214 0 -1
0.8988 0.0621 0 0
0.8988 0.0631 0 1
0.8988 0.0676 0 2
0.8988 0.0214 0 -1
0.9000 0.0604 0 0
0.9000 0.0620 0 1
0.9000 0.0655 0 2
0.9000 0.0212 0 -1
0.9012 0.0604 0 0
0.9012 0.0620 0 1
0.9012 0.0655 0 2
0.9012 0.0212 0 -1
0.9024 0.0604 0 0
0.9024 0.0620 0 1
0.9024 0.0655 0 2
0.9024 0.0212 0 -1
0.9036 0.0604 0 0
0.9036 0.0620 0 1
0.9036 0.0655 0 2
0.9036 0.0212 0 -1
0.9048 0.0604 0 0
0.9048 0.0620 0 1
0.9048 0.0655 0 2
0.9048 0.0212 0 -1
0.9060 0.0604 0 0
0.9060 0.0620 0 1
0.9060 0.0655 0 2
0.9060 0.0212 0 -1
0.9072 0.0604 0 0
0.9072 0.0620 0 1
0.9072 0.0655 0 2
0.9072 0.0212 0 -1
0.9084 0.0604 0 0
0.9084 0.0620 0 1
0.9084 0.0655 0 2
0.9084 0.0212 0 -1
0.9096 0.0604 0 0
0.9096 0.0620 0 1
0.9096 0.0655 0 2
0.9096 0.0212 0 -1
0.9108 0.0604 0 0
0.9108 0.0620 0 1
0.9108 0.0655 0 2
0.9108 0.0212 0 -1
0.9120 0.0604 0 0
0.9120 0.0620 0 1
0.9120 0.0655 0 2
0.9120 0.0212 0 -1
0.9132 0.0604 0 0
0.9132 0.0620 0 1
0.9132 0.0655 0 2
0.9132 0.0212 0 -1
0.9144 0.0604 0 0
0.9144 0.0620 0 1
0.9144 0.0655 0 2
0.9144 0.0212 0 -1
0.9156 0.0604 0 0
0.9156 0.0620 0 1
0.9156 0.0655 0 2
0.9156 0.0212 0 -1
0.9168 0.0604 0 0
0.9168 0.0620 0 1
0.9168 0.0655 0 2
0.9168 0.0212 0 -1
0.9180 0.0604 0 0
0.9180 0.0620 0 1
0.9180 0.0655 0 2
0.9180 0.0212 0 -1
0.9192 0.0604 0 0
0.9192 0.0620 0 1
0.9192 0.0655 0 2
0.9192 0.0212 0 -1
0.9204 0.0604 0 0
0.9204 0.0620 0 1
0.9204 0.0655 0 2
0.9204 0.0212 0 -1
0.9216 0.0604 0 0
0.9216 0.0620 0 1
0.9216 0.0655 0 2
0.9216 0.0212 0 -1
0.9228 0.0604 0 0
0.9228 0.0620 0 1
0.9228 0.0655 0 2
0.9228 0.0212 0 -1
0.9240 0.0604 0 0
0.9240 0.0620 0 1
0.9240 0.0655 0 2
0.9240 0.0212 0 -1
0.9252 0.0604 0 0
0.9252 0.0620 0 1
0.9252 0.0655 0 2
0.9252 0.0212 0 -1
0.9264 0.0604 0 0
0.9264 0.0620 0 1
0.9264 0.0655 0 2
0.9264 0.0212 0 -1
0.9276 0.0604 0 0
0.9276 0.0620 0 1
0.9276 0.0655 0 2
0.9276 0.0212 0 -1
0.9288 0.0604 0 0
0.9288 0.0620 0 1
0.9288 0.0655 0 2
0.9288 0.0212 0 -1
0.9300 0.0586 0 0
0.9300 0.0608 0 1
0.9300 0.0635 0 2
0.9300 0.0209 0 -1
0.9312 0.0586 0 0
0.9312 0.0608 0 1
0.9312 0.0635 0 2
0.9312 0.0209 0 -1
0.9324 0.0586 0 0
0.9324 0.0608 0 1
0.9324 0.0635 0 2
0.9324 0.0209 0 -1
0.9336 0.0586 0 0
0.9336 0.0608 0 1
0.9336 0.0635 0 2
0.9336 0.0209 0 -1
0.9348 0.0586 0 0
0.9348 0.0608 0 1
0.9348 0.0635 0 2
0.9348 0.0209 0 -1
0.9360 0.0586 0 0
0.9360 0.0608 0 1
0.9360 0.0635 0 2
0.9360 0.0209 0 -1
0.9372 0.0586 0 0
0.9372 0.0608 0 1
0.9372 0.0635 0 2
0.9372 0.0209 0 -1
0.9384 0.0586 0 0
0.9384 0.0608 0 1
0.9384 0.0635 0 2
0.9384 0.0209 0 -1
0.9396 0.0586 0 0
0.9396 0.0608 0 1
0.9396 0.0635 0 2
0.9396 0.0209 0 -1
0.9408 0.0586 0 0
0.9408 0.0608 0 1
0.9408 0.0635 0 2
0.9408 0.0209 0 -1
0.9420 0.0586 0 0
0.9420 0.0608 0 1
0.9420 0.0635 0 2
0.9420 0.0209 0 -1
0.9432 0.0586 0 0
0.9432 0.0608 0 1
0.9432 0.0635 0 2
0.9432 0.0209 0 -1
0.9444 0.0586 0 0
0.9444 0.0608 0 1
0.9444 0.0635 0 2
0.9444 0.0209 0 -1
0.9456 0.0586 0 0
0.9456 0.0608 0 1
0.9456 0.0635 0 2
0.9456 0.0209 0 -1
0.9468 0.0586 0 0
0.9468 0.0608 0 1
0.9468 0.0635 0 2
0.9468 0.0209 0 -1
0.9480 0.0586 0 0
0.9480 0.0608 0 1
0.9480 0.0635 0 2
0.9480 0.0209 0 -1
0.9492 0.0586 0 0
0.9492 0.0608 0 1
0.9492 0.0635 0 2
0.9492 0.0209 0 -1
0.9504 0.0586 0 0
0.9504 0.0608 0 1
0.9504 0.0635 0 2
0.9504 0.0209 0 -1
0.9516 0.0586 0 0
0.9516 0.0608 0 1
0.9516 0.0635 0 2
0.9516 0.0209 0 -1
0.9528 0.0586 0 0
0.9528 0.0608 0 1
0.9528 0.0635 0 2
0.9528 0.0209 0 -1
0.9540 0.0586 0 0
0.9540 0.0608 0 1
0.9540 0.0635 0 2
0.9540 0.0209 0 -1
0.9552 0.0586 0 0
0.9552 0.0608 0 1
0.9552 0.0635 0 2
0.9552 0.0209 0 -1
0.9564 0.0586 0 0
0.9564 0.0608 0 1
0.9564 0.0635 0 2
0.9564 0.0209 0 -1
0.9576 0.0586 0 0
0.9576 0.0608 0 1
0.9576 0.0635 0 2
0.9576 0.0209 0 -1
0.9588 0.0586 0 0
0.9588 0.0608 0 1
0.9588 0.0635 0 2
0.9588 0.0209 0 -1
0.9600 0.0570 0 0
0.9600 0.0596 0 1
0.9600 0.0616 0 2
0.9600 0.0208 0 -1
0.9612 0.0570 0 0
0.9612 0.0596 0 1
0.9612 0.0616 0 2
0.9612 0.0208 0 -1
0.9624 0.0570 0 0
0.9624 0.0596 0 1
0.9624 0.0616 0 2
0.9624 0.0208 0 -1
0.9636 0.0570 0 0
0.9636 0.0596 0 1
0.9636 0.0616 0 2
0.9636 0.0208 0 -1
0.9648 0.0570 0 0
0.9648 0.0596 0 1
0.9648 0.0616 0 2
0.9648 0.0208 0 -1
0.9660 0.0570 0 0
0.9660 0.0596 0 1
0.9660 0.0616 0 2
0.9660 0.0208 0 -1
0.9672 0.0570 0 0
0.9672 0.0596 0 1
0.9672 0.0616 0 2
0.9672 0.0208 0 -1
0.9684 0.0570 0 0
0.9684 0.0596 0 1
0.9684 0.0616 0 2
0.9684 0.0208 0 -1
0.9696 0.0570 0 0
0.9696 0.0596 0 1
0.9696 0.0616 0 2
0.9696 0.0208 0 -1
0.9708 0.0570 0 0
0.9708 0.0596 0 1
0.9708 0.0616 0 2
0.9708 0.0208 0 -1
0.9720 0.0570 0 0
0.9720 0.0596 0 1
0.9720 0.0616 0 2
0.9720 0.0208 0 -1
0.9732 0.0570 0 0
0.9732 0.0596 0 1
0.9732 0.0616 0 2
0.9732 0.0208 0 -1
0.9744 0.0570 0 0
0.9744 0.0596 0 1
0.9744 0.0616 0 2
0.9744 0.0208 0 -1
0.9756 0.0570 0 0
0.9756 0.0596 0 1
0.9756 0.0616 0 2
0.9756 0.0208 0 -1
0.9768 0.0570 0 0
0.9768 0.0596 0 1
0.9768 0.0616 0 2
0.9768 0.0208 0 -1
0.9780 0.0570 0 0
0.9780 0.0596 0 1
0.9780 0.0616 0 2
0.9780 0.0208 0 -1
0.9792 0.0570 0 0
0.9792 0.0596 0 1
0.9792 0.0616 0 2
0.9792 0.0208 0 -1
0.9804 0.0570 0 0
0.9804 0.0596 0 1
0.9804 0.0616 0 2
0.9804 0.0208 0 -1
0.9816 0.0570 0 0
0.9816 0.0596 0 1
0.9816 0.0616 0 2
0.9816 0.0208 0 -1
0.9828 0.0570 0 0
0.9828 0.0596 0 1
0.9828 0.0616 0 2
0.9828 0.0208 0 -1
0.9840 0.0570 0 0
0.9840 0.0596 0 1
0.9840 0.0616 0 2
0.9840 0.0208 0 -1
0.9852 0.0570 0 0
0.9852 0.0596 0 1
0.9852 0.0616 0 2
0.9852 0.0208 0 -1
0.9864 0.0570 0 0
0.9864 0.0596 0 1
0.9864 0.0616 0 2
0.9864 0.0208 0 -1
0.9876 0.0570 0 0
0.9876 0.0596 0 1
0.9876 0.0616 0 2
0.9876 0.0208 0 -1
0.9888 0.0570 0 0
0.9888 0.0596 0 1
0.9888 0.0616 0 2
0.9888 0.0208 0 -1
