0.0	0.0	0.0	0.0
0.0	0.0	0.0	0.0
0.0	0.0	0.0	0.0
0.0	0.0	0.0	0.0
0.0	0.0	0.0	0.0
0.0	0.0	0.0	0.0
0.0	0.0	0.0	0.0
0.0	0.0	0.0	0.0
0.0	0.0	0.0	0.0
0.0	0.0	0.0	0.0
0.0	0.0	0.0	0.0
0.0	0.0	0.0	0.0
0.0	0.0	0.0	0.0
0.0	0.0	0.0	0.0
0.0	0.0	0.0	0.0
0.0	0.0	0.0	0.0
0.0	0.0	0.0	0.0
0.0	0.0	0.0	0.0
0.0	0.0	0.0	0.0
0.0	0.0	0.0	0.0
0.0	0.0	0.0	0.0
0.0	0.0	0.0	0.0
0.0	0.0	0.0	0.0
0.0	0.0	0.0	0.0
0.0	0.0	0.0	0.0
0.0	0.0	0.0	0.0
0.0	0.0	0.0	0.0
0.0	0.0	0.0	0.0
0.0	0.0	0.0	0.0
0.0	0.0	0.0	0.0
0.0	0.0	0.0	0.0
0.0	0.0	0.0	0.0
0.0	0.0	0.0	0.0
0.0	0.0	0.0	0.0
0.0	0.0	0.0	0.0
0.0	0.0	0.0	0.0
0.0	0.0	0.0	0.0
0.0	0.0	0.0	0.0
0.0	0.0	0.0	0.0
0.0	0.0	0.0	0.0
0.0	0.0	0.0	0.0
0.0	0.0	0.0	0.0
0.0	0.0	0.0	0.0
0.0	0.0	0.0	0.0
0.0	0.0	0.0	0.0
0.0	0.0	0.0	0.0
0.0	0.0	0.0	0.0
0.0	0.0	0.0	0.0
0.0	0.0	0.0	0.0
0.0	0.0	0.0	0.0
0.0	0.0	0.0	0.0
0.0	0.0	0.0	0.0
0.0	0.0	0.0	0.0
0.0	0.0	0.0	0.0
0.0	0.0	0.0	0.0
0.0	0.0	0.0	0.0
0.0	0.0	0.0	0.0
0.0	0.0	0.0	0.0
0.0	0.0	0.0	0.0
0.0	0.0	0.0	0.0
0.0	0.0	0.0	0.0
0.0	0.0	0.0	0.0
0.0	0.0	0.0	0.0
0.0	0.0	0.0	0.0
0.0	0.0	0.0	0.0
0.0	0.0	0.0	0.0
0.0	0.0	0.0	0.0
0.0	0.0	0.0	0.0
0.0	0.0	0.0	0.0
0.0	0.0	0.0	0.0
0.0	0.0	0.0	0.0
0.0	0.0	0.0	0.0
0.0	0.0	0.0	0.0
0.0	0.0	0.0	0.0
0.0	0.0	0.0	0.0
0.0	0.0	0.0	0.0
0.0	0.0	0.0	0.0
0.0	0.0	0.0	0.0
0.0	0.0	0.0	0.0
0.0	0.0	0.0	0.0
0.0	0.0	0.0	0.0
0.0	0.0	0.0	0.0
0.0	0.0	0.0	0.0
0.0	0.0	0.0	0.0
0.0	0.0	0.0	0.0
0.0	0.0	0.0	0.0
0.0	0.0	0.0	0.0
0.0	0.0	0.0	0.0
0.0	0.0	0.0	0.0
0.0	0.0	0.0	0.0
0.0	0.0	0.0	0.0
0.0	0.0	0.0	0.0
0.0	0.0	0.0	0.0
0.0	0.0	0.0	0.0
0.0	0.0	0.0	0.0
0.0	0.0	0.0	0.0
0.0	0.0	0.0	0.0
0.0	0.0	0.0	0.0
0.0	0.0	0.0	0.0
0.0	0.0	0.0	0.0
0.0	0.0	0.0	0.0
0.0	0.0	0.0	0.0
0.0	0.0	0.0	0.0
0.0	0.0	0.0	0.0
0.0	0.0	0.0	0.0
0.0	0.0	0.0	0.0
0.0	0.0	0.0	0.0
0.0	0.0	0.0	0.0
0.0	0.0	0.0	0.0
0.0	0.0	0.0	0.0
0.0	0.0	0.0	0.0
0.0	0.0	0.0	0.0
0.0	0.0	0.0	0.0
0.0	0.0	0.0	0.0
0.0	0.0	0.0	0.0
0.0	0.0	0.0	0.0
0.0	0.0	0.0	0.0
0.0	0.0	0.0	0.0
0.0	0.0	0.0	0.0
0.0	0.0	0.0	0.0
0.0	0.0	0.0	0.0
0.0	0.0	0.0	0.0
0.0	0.0	0.0	0.0
0.0	0.0	0.0	0.0
0.0	0.0	0.0	0.0
0.0	0.0	0.0	0.0
0.0	0.0	0.0	0.0
0.0	0.0	0.0	0.0
0.0	0.0	0.0	0.0
0.0	0.0	0.0	0.0
0.0	0.0	0.0	0.0
0.0	0.0	0.0	0.0
0.0	0.0	0.0	0.0
0.0	0.0	0.0	0.0
0.0	0.0	0.0	0.0
0.0	0.0	0.0	0.0
0.0	0.0	0.0	0.0
0.0	0.0	0.0	0.0
0.0	0.0	0.0	0.0
0.0	0.0	0.0	0.0
0.0	0.0	0.0	0.0
0.0	0.0	0.0	0.0
0.0	0.0	0.0	0.0
0.0	0.0	0.0	0.0
0.0	0.0	0.0	0.0
0.0	0.0	0.0	0.0
0.0	0.0	0.0	0.0
0.0	0.0	0.0	0.0
0.0	0.0	0.0	0.0
0.0	0.0	0.0	0.0
0.0	0.0	0.0	0.0
0.0	0.0	0.0	0.0
0.0	0.0	0.0	0.0
0.0	0.0	0.0	0.0
0.0	0.0	0.0	0.0
0.0	0.0	0.0	0.0
0.0	0.0	0.0	0.0
0.0	0.0	0.0	0.0
0.0	0.0	0.0	0.0
0.0	0.0	0.0	0.0
0.0	0.0	0.0	0.0
0.0	0.0	0.0	0.0
0.0	0.0	0.0	0.0
0.0	0.0	0.0	0.0
0.0	0.0	0.0	0.0
0.0	0.0	0.0	0.0
0.0	0.0	0.0	0.0
0.0	0.0	0.0	0.0
0.0	0.0	0.0	0.0
0.0	0.0	0.0	0.0
0.0	0.0	0.0	0.0
0.0	0.0	0.0	0.0
0.0	0.0	0.0	0.0
0.0	0.0	0.0	0.0
0.0	0.0	0.0	0.0
0.0	0.0	0.0	0.0
0.0	0.0	0.0	0.0
0.0	0.0	0.0	0.0
0.0	0.0	0.0	0.0
0.0	0.0	0.0	0.0
0.0	0.0	0.0	0.0
0.0	0.0	0.0	0.0
0.0	0.0	0.0	0.0
0.0	0.0	0.0	0.0
0.0	0.0	0.0	0.0
0.0	0.0	0.0	0.0
0.0	0.0	0.0	0.0
0.0	0.0	0.0	0.0
0.0	0.0	0.0	0.0
0.0	0.0	0.0	0.0
0.0	0.0	0.0	0.0
0.0	0.0	0.0	0.0
0.0	0.0	0.0	0.0
0.0	0.0	0.0	0.0
0.0	0.0	0.0	0.0
0.0	0.0	0.0	0.0
0.0	0.0	0.0	0.0
0.0	0.0	0.0	0.0
0.0	0.0	0.0	0.0
0.0	0.0	0.0	0.0
0.0	0.0	0.0	0.0
0.0	0.0	0.0	0.0
0.0	0.0	0.0	0.0
0.0	0.0	0.0	0.0
0.0	0.0	0.0	0.0
0.0	0.0	0.0	0.0
0.0	0.0	0.0	0.0
0.0	0.0	0.0	0.0
0.0	0.0	0.0	0.0
0.0	0.0	0.0	0.0
0.0	0.0	0.0	0.0
0.0	0.0	0.0	0.0
0.0	0.0	0.0	0.0
0.0	0.0	0.0	0.0
0.0	0.0	0.0	0.0
0.0	0.0	0.0	0.0
0.0	0.0	0.0	0.0
0.0	0.0	0.0	0.0
0.0	0.0	0.0	0.0
0.0	0.0	0.0	0.0
0.0	0.0	0.0	0.0
0.0	0.0	0.0	0.0
0.0	0.0	0.0	0.0
0.0	0.0	0.0	0.0
0.0	0.0	0.0	0.0
0.0	0.0	0.0	0.0
0.0	0.0	0.0	0.0
0.0	0.0	0.0	0.0
0.0	0.0	0.0	0.0
0.0	0.0	0.0	0.0
0.0	0.0	0.0	0.0
0.0	0.0	0.0	0.0
0.0	0.0	0.0	0.0
0.0	0.0	0.0	0.0
0.0	0.0	0.0	0.0
0.0	0.0	0.0	0.0
0.0	0.0	0.0	0.0
0.0	0.0	0.0	0.0
0.0	0.0	0.0	0.0
0.0	0.0	0.0	0.0
0.0	0.0	0.0	0.0
0.0	0.0	0.0	0.0
0.0	0.0	0.0	0.0
0.0	0.0	0.0	0.0
0.0	0.0	0.0	0.0
0.0	0.0	0.0	0.0
0.0	0.0	0.0	0.0
0.0	0.0	0.0	0.0
0.0	0.0	0.0	0.0
0.0	0.0	0.0	0.0
0.0	0.0	0.0	0.0
0.0	0.0	0.0	0.0
0.0	0.0	0.0	0.0
0.0	0.0	0.0	0.0
0.0	0.0	0.0	0.0
0.0	0.0	0.0	0.0
0.0	0.0	0.0	0.0
0.0	0.0	0.0	0.0
0.0	0.0	0.0	0.0
0.0	0.0	0.0	0.0
0.0	0.0	0.0	0.0
0.0	0.0	0.0	0.0
0.0	0.0	0.0	0.0
0.0	0.0	0.0	0.0
0.0	0.0	0.0	0.0
0.0	0.0	0.0	0.0
0.0	0.0	0.0	0.0
0.0	0.0	0.0	0.0
0.0	0.0	0.0	0.0
0.0	0.0	0.0	0.0
0.0	0.0	0.0	0.0
0.0	0.0	0.0	0.0
0.0	0.0	0.0	0.0
0.0	0.0	0.0	0.0
0.0	0.0	0.0	0.0
0.0	0.0	0.0	0.0
0.0	0.0	0.0	0.0
0.0	0.0	0.0	0.0
0.0	0.0	0.0	0.0
0.0	0.0	0.0	0.0
0.0	0.0	0.0	0.0
0.0	0.0	0.0	0.0
0.0	0.0	0.0	0.0
0.0	0.0	0.0	0.0
0.0	0.0	0.0	0.0
0.0	0.0	0.0	0.0
0.0	0.0	0.0	0.0
0.0	0.0	0.0	0.0
0.0	0.0	0.0	0.0
0.0	0.0	0.0	0.0
0.0	0.0	0.0	0.0
0.0	0.0	0.0	0.0
0.0	0.0	0.0	0.0
0.0	0.0	0.0	0.0
0.0	0.0	0.0	0.0
0.0	0.0	0.0	0.0
0.0	0.0	0.0	0.0
0.0	0.0	0.0	0.0
0.0	0.0	0.0	0.0
0.0	0.0	0.0	0.0
0.0	0.0	0.0	0.0
0.0	0.0	0.0	0.0
0.0	0.0	0.0	0.0
0.0	0.0	0.0	0.0
0.0	0.0	0.0	0.0
0.0	0.0	0.0	0.0
0.0	0.0	0.0	0.0
0.0	0.0	0.0	0.0
0.0	0.0	0.0	0.0
0.0	0.0	0.0	0.0
0.0	0.0	0.0	0.0
0.0	0.0	0.0	0.0
0.0	0.0	0.0	0.0
0.0	0.0	0.0	0.0
0.0	0.0	0.0	0.0
0.0	0.0	0.0	0.0
0.0	0.0	0.0	0.0
0.0	0.0	0.0	0.0
0.0	0.0	0.0	0.0
0.0	0.0	0.0	0.0
0.0	0.0	0.0	0.0
0.0	0.0	0.0	0.0
0.0	0.0	0.0	0.0
0.0	0.0	0.0	0.0
0.0	0.0	0.0	0.0
0.0	0.0	0.0	0.0
0.0	0.0	0.0	0.0
0.0	0.0	0.0	0.0
0.0	0.0	0.0	0.0
0.0	0.0	0.0	0.0
0.0	0.0	0.0	0.0
0.0	0.0	0.0	0.0
0.0	0.0	0.0	0.0
0.0	0.0	0.0	0.0
0.0	0.0	0.0	0.0
0.0	0.0	0.0	0.0
0.0	0.0	0.0	0.0
0.0	0.0	0.0	0.0
0.0	0.0	0.0	0.0
0.0	0.0	0.0	0.0
0.0	0.0	0.0	0.0
0.0	0.0	0.0	0.0
0.0	0.0	0.0	0.0
0.0	0.0	0.0	0.0
0.0	0.0	0.0	0.0
0.0	0.0	0.0	0.0
0.0	0.0	0.0	0.0
0.0	0.0	0.0	0.0
0.0	0.0	0.0	0.0
0.0	0.0	0.0	0.0
0.0	0.0	0.0	0.0
0.0	0.0	0.0	0.0
0.0	0.0	0.0	0.0
0.0	0.0	0.0	0.0
0.0	0.0	0.0	0.0
0.0	0.0	0.0	0.0
0.0	0.0	0.0	0.0
0.0	0.0	0.0	0.0
0.0	0.0	0.0	0.0
0.0	0.0	0.0	0.0
0.0	0.0	0.0	0.0
0.0	0.0	0.0	0.0
0.0	0.0	0.0	0.0
0.0	0.0	0.0	0.0
0.0	0.0	0.0	0.0
0.0	0.0	0.0	0.0
0.0	0.0	0.0	0.0
0.0	0.0	0.0	0.0
0.0	0.0	0.0	0.0
0.0	0.0	0.0	0.0
0.0	0.0	0.0	0.0
0.0	0.0	0.0	0.0
0.0	0.0	0.0	0.0
0.0	0.0	0.0	0.0
0.0	0.0	0.0	0.0
0.0	0.0	0.0	0.0
0.0	0.0	0.0	0.0
0.0	0.0	0.0	0.0
0.0	0.0	0.0	0.0
0.0	0.0	0.0	0.0
0.0	0.0	0.0	0.0
0.0	0.0	0.0	0.0
0.0	0.0	0.0	0.0
0.0	0.0	0.0	0.0
0.0	0.0	0.0	0.0
0.0	0.0	0.0	0.0
0.0	0.0	0.0	0.0
0.0	0.0	0.0	0.0
0.0	0.0	0.0	0.0
0.0	0.0	0.0	0.0
0.0	0.0	0.0	0.0
0.0	0.0	0.0	0.0
0.0	0.0	0.0	0.0
0.0	0.0	0.0	0.0
0.0	0.0	0.0	0.0
0.0	0.0	0.0	0.0
0.0	0.0	0.0	0.0
0.0	0.0	0.0	0.0
0.0	0.0	0.0	0.0
0.0	0.0	0.0	0.0
0.0	0.0	0.0	0.0
0.0	0.0	0.0	0.0
7876.126	-15902.969	8.170	-8018.672635903411
0.0	0.0	0.0	0.0
0.0	0.0	0.0	0.0
8691.157	-13523.802	6.383	-4826.261807917508
8095.325	-11170.494	4.886	-3070.2833597106123
6947.162	-9088.286	3.658	-2137.4660254892124
5705.537	-7344.198	2.663	-1635.997898960103
4576.760	-5925.796	1.860	-1347.1770800418012
3627.790	-4789.538	1.211	-1160.537740588448
2861.314	-3885.270	0.685	-1023.2712501308366
2255.063	-3166.640	0.258	-911.3190348741987
0.0	0.0	0.0	0.0
0.0	0.0	0.0	0.0
1780.447	-2594.539	-0.091	-814.1833583526703
1410.359	-2137.421	-0.379	-727.4407706362282
1121.821	-1770.432	-0.616	-649.2266198528562
896.368	-1474.216	-0.813	-578.6608578282732
719.563	-1233.770	-0.978	-515.1849076075164
580.284	-1037.477	-1.116	-458.30893508840217
470.021	-876.323	-1.232	-407.5343322331581
382.275	-743.288	-1.331	-362.34461523843146
0.0	0.0	0.0	0.0
-25047.686	-1436.279	17.979	-26465.9862843239
312.081	-632.885	-1.415	-322.21838087815803
-24180.508	-7428.069	17.439	-31591.13855339842
255.637	-540.797	-1.486	-286.64563266120786
-18285.092	-12444.752	16.217	-30713.625976439827
210.022	-463.615	-1.548	-255.14097328548633
-9992.445	-15580.188	14.496	-25558.136746301283
172.977	-398.629	-1.600	-227.25224699110612
-2321.824	-16673.618	12.520	-18982.922989175535
142.753	-343.672	-1.646	-202.56508698465694
3022.876	-16156.448	10.514	-13123.05820652975
117.986	-297.005	-1.685	-180.70435862202362
5859.615	-14669.366	8.636	-8801.1152419575
97.605	-257.220	-1.719	-161.33347145634397
6815.141	-12770.238	6.967	-5948.129293344165
80.770	-223.174	-1.748	-144.15235547848815
0.0	0.0	0.0	0.0
6649.978	-10828.555	5.535	-4173.041837731324
66.813	-193.933	-1.774	-128.89468514976352
5948.291	-9041.212	4.330	-3088.591166030247
55.203	-168.732	-1.796	-115.32475858517782
5074.160	-7490.859	3.328	-2413.371235637191
45.518	-146.936	-1.816	-103.2342981013418
4213.257	-6188.176	2.499	-1972.42051542047
37.417	-128.023	-1.833	-92.43867834590836
3444.522	-5111.985	1.814	-1665.6483524115522
30.626	-111.554	-1.848	-82.77573483747486
2792.814	-4230.892	1.248	-1436.8297733410286
24.921	-97.163	-1.860	-74.10174044093498
2255.555	-3512.330	0.778	-1255.9967755491732
20.124	-84.542	-1.872	-66.28902729033945
1819.725	-2926.748	0.388	-1106.6359329207407
16.087	-73.429	-1.882	-59.223908481076315
0.0	0.0	0.0	0.0
1469.245	-2448.890	0.062	-979.583084276964
12.690	-63.604	-1.890	-52.804722439266236
1188.556	-2057.884	-0.212	-869.5402570877665
9.834	-54.876	-1.898	-46.940060947829544
964.013	-1736.808	-0.443	-773.2373422572867
7.439	-47.082	-1.904	-41.547181542626845
784.240	-1472.081	-0.638	-688.4786454842717
5.439	-40.080	-1.910	-36.55058017272397
640.011	-1252.862	-0.804	-613.6547028691388
3.800	-33.821	-1.914	-31.934893749847728
523.965	-1070.514	-0.945	-547.4944652327996
2.481	-28.244	-1.918	-27.680826507400607
430.275	-918.149	-1.066	-488.9397119715181
1.431	-23.247	-1.922	-23.73747185441261
354.356	-790.266	-1.170	-437.08064278873286
0.608	-18.742	-1.924	-20.05837567145609
0.0	0.0	0.0	0.0
292.599	-682.461	-1.260	-391.1215711432388
-0.024	-14.653	-1.927	-16.602685090302508
242.168	-591.191	-1.338	-350.36116955388724
-0.494	-10.912	-1.928	-13.33456964027419
200.826	-513.600	-1.406	-314.17964246970234
-0.792	-7.843	-1.930	-10.564649871852389
166.808	-447.373	-1.464	-282.0292000113657
-0.962	-5.488	-1.930	-8.380636356187464
138.715	-390.625	-1.516	-253.42617234974077
-1.057	-3.693	-1.931	-6.681408153048126
115.433	-341.817	-1.560	-227.94404447065898
-1.109	-2.329	-1.932	-5.368940283129162
96.076	-299.683	-1.600	-205.20712905423386
-1.136	-1.293	-1.932	-4.360823812257474
79.932	-263.182	-1.634	-184.88477746107782
-1.150	-0.508	-1.932	-3.589914190499793
0.0	0.0	0.0	0.0
66.429	-231.450	-1.665	-166.68609867867724
-1.158	0.087	-1.932	-3.002513154518396
55.106	-203.770	-1.692	-150.35517438958513
-1.162	0.537	-1.932	-2.5562662027984353
45.590	-179.541	-1.715	-135.66675629281661
-1.164	0.878	-1.932	-2.2181161714946414
37.575	-158.262	-1.736	-122.42242440538122
-1.166	1.135	-1.932	-1.9624681774013828
30.814	-139.507	-1.755	-110.4471780128858
-1.137	1.330	-1.932	-1.7385206980878678
25.098	-122.920	-1.771	-99.59204486413431
-1.139	1.477	-1.932	-1.5929189379495408
20.274	-108.196	-1.785	-89.70804891996382
-1.141	1.588	-1.931	-1.4834983151302892
16.194	-95.077	-1.798	-80.68020752909517
-1.143	1.672	-1.931	-1.4015087618533024
0.0	0.0	0.0	0.0
12.747	-83.338	-1.809	-72.400548383788
-1.145	1.736	-1.931	-1.3402874730994554
9.837	-72.791	-1.819	-64.77272867821684
-1.147	1.783	-1.931	-1.2947783118838443
7.387	-63.270	-1.827	-57.7104875414121
-1.150	1.819	-1.931	-1.2611494083019008
5.330	-54.632	-1.835	-51.13629268936356
-1.153	1.847	-1.930	-1.2364992123226397
3.614	-46.753	-1.841	-44.98015721523872
-1.156	1.867	-1.930	-1.2186320786216502
2.193	-39.525	-1.847	-39.17860407051996
-1.159	1.883	-1.930	-1.2058872783219567
1.028	-32.851	-1.851	-33.673757454850744
-1.162	1.894	-1.930	-1.1970091677907826
0.089	-26.646	-1.855	-28.41254348850183
-1.164	1.903	-1.929	-1.1910486400910985
-9971.948	-13163.062	15.073	-23119.93652078979
-0.651	-20.836	-1.858	-23.345983823635926
-1.167	1.909	-1.929	-1.1872883941138934
-4174.438	-14489.477	13.377	-18650.538232587427
-1.205	-15.453	-1.861	-18.51896787573693
-1.170	1.914	-1.929	-1.185186460971697
324.588	-14498.692	11.601	-14162.50251226528
-1.534	-11.286	-1.863	-14.683167627100325
-1.173	1.918	-1.929	-1.1843333363829038
3137.409	-13618.213	9.882	-10470.921172662825
-1.725	-8.109	-1.864	-11.697761727334303
-1.176	1.920	-1.928	-1.1844196830486091
4506.330	-12258.606	8.303	-7743.972926338773
-1.835	-5.692	-1.865	-9.391987431789044
-1.179	1.922	-1.928	-1.1852117812715786
4880.751	-10729.318	6.901	-5841.665714158601
-1.898	-3.857	-1.866	-7.620700009940323
-1.182	1.924	-1.928	-1.1865331224793334
4676.558	-9224.397	5.685	-4542.154372060484
-1.934	-2.466	-1.866	-6.265751234137214
-1.185	1.925	-1.928	-1.188250338188614
4192.824	-7845.834	4.646	-3648.364412923313
-1.955	-1.411	-1.867	-5.232786479958985
-1.188	1.926	-1.927	-1.190262726392183
3614.107	-6634.753	3.763	-3016.8827394333857
-1.968	-0.612	-1.867	-4.44746105140423
-1.191	1.926	-1.927	-1.1924941795371562
3040.916	-5597.121	3.018	-2553.187887641398
-1.977	-0.008	-1.867	-3.8517887313668053
-1.194	1.926	-1.927	-1.1948872463690383
2520.611	-4721.142	2.389	-2198.142508491482
-1.984	0.449	-1.867	-3.4008895384264806
-1.197	1.927	-1.927	-1.1973985152727054
2070.215	-3987.674	1.858	-1915.6008802799638
-1.989	0.795	-1.867	-3.0602298751561783
-1.200	1.927	-1.927	-1.1999951754447826
1690.981	-3375.907	1.408	-1683.518581428702
-1.993	1.057	-1.867	-2.8033547752612087
-1.203	1.927	-1.926	-1.2026524710205002
1376.881	-2866.149	1.027	-1488.2410293834644
-1.998	1.254	-1.866	-2.610065820331016
-1.177	1.927	-1.926	-1.1766685569234658
1120.236	-2440.972	0.702	-1320.0348105685368
-1.963	1.404	-1.866	-2.425685407769625
-1.180	1.926	-1.926	-1.1792411254491655
909.723	-2085.316	0.425	-1175.1682552200482
-1.967	1.516	-1.866	-2.3167614881655716
-1.183	1.926	-1.926	-1.1818283979599902
738.387	-1787.041	0.187	-1048.4662546878894
-1.971	1.602	-1.866	-2.2354637838804052
-1.185	1.926	-1.925	-1.1844260759738467
599.025	-1535.928	-0.016	-936.920263598055
-1.975	1.666	-1.866	-2.1750776391019784
-1.188	1.926	-1.925	-1.187027961157843
485.597	-1323.609	-0.192	-838.203844326536
-1.980	1.715	-1.866	-2.1305060578398045
-1.191	1.926	-1.925	-1.1896291672039792
393.150	-1143.255	-0.344	-750.4495692806347
-1.984	1.751	-1.865	-2.0978894349641486
-1.193	1.926	-1.925	-1.1922259665042083
317.662	-989.301	-0.476	-672.114553390512
-1.988	1.779	-1.865	-2.074307103067114
-1.196	1.925	-1.924	-1.1948155618706893
255.897	-857.205	-0.590	-601.8968344217045
-1.993	1.800	-1.865	-2.0575496725661875
-1.198	1.925	-1.924	-1.1973958103582483
205.260	-743.252	-0.689	-538.6808208626367
-1.997	1.816	-1.865	-2.0459463425627336
-1.201	1.925	-1.924	-1.1999650935829616
163.671	-644.395	-0.775	-481.4996596848539
-2.001	1.827	-1.864	-2.0382337996644644
-1.204	1.925	-1.924	-1.2025222076570257
129.464	-558.122	-0.850	-429.5077349413255
-2.006	1.836	-1.864	-2.033457028567164
-1.206	1.925	-1.923	-1.2050662097167764
101.309	-482.353	-0.915	-381.9594732205711
-2.010	1.843	-1.864	-2.030894152650482
-1.209	1.924	-1.923	-1.2075963809552996
78.137	-415.358	-0.971	-338.1922541810437
-2.014	1.848	-1.864	-2.029999544838314
-1.211	1.924	-1.923	-1.2101121998437732
59.092	-355.685	-1.020	-297.6121205196672
-2.018	1.852	-1.864	-2.0303608908117017
-1.214	1.924	-1.923	-1.2126132367932612
43.490	-302.111	-1.061	-259.6814798767052
-2.023	1.854	-1.863	-2.031666566018944
-1.216	1.924	-1.923	-1.2150991889073903
30.783	-253.594	-1.097	-223.90825922901254
-2.027	1.856	-1.863	-2.03368111996682
-1.219	1.923	-1.922	-1.2175698017320271
20.532	-209.241	-1.127	-189.83612987473464
-2.031	1.858	-1.863	-2.036226599341162
-1.221	1.923	-1.922	-1.220024876907991
12.500	-168.925	-1.151	-157.5758864025055
-2.035	1.859	-1.863	-2.0391685834182436
-1.224	1.923	-1.922	-1.2224642703703337
6.500	-133.174	-1.171	-127.84515741192008
-2.040	1.860	-1.862	-2.042405502760237
-1.226	1.923	-1.922	-1.224887857372058
2.124	-101.404	-1.187	-100.46654373474351
-2.044	1.860	-1.862	-2.0458606280995997
-1.228	1.922	-1.921	-1.2272955481136592
-0.544	-76.827	-1.199	-78.56994461479994
-2.048	1.860	-1.862	-2.049475983848283
-1.231	1.922	-1.921	-1.229687250508726
-2.140	-58.048	-1.208	-61.39602994374819
-2.052	1.861	-1.862	-2.053207794221994
-1.233	1.922	-1.921	-1.232062915290334
-3.088	-43.741	-1.215	-48.04373750713977
-2.056	1.861	-1.861	-2.057022988709734
-1.236	1.922	-1.921	-1.2344224708718654
-3.649	-32.859	-1.220	-37.72828551932093
-2.060	1.861	-1.861	-2.0608965963597563
-1.238	1.922	-1.920	-1.236765874877665
-3.980	-24.594	-1.224	-29.797683882281596
-2.065	1.861	-1.861	-2.0648097725727523
-1.210	1.921	-1.920	-1.2092586024164096
-3.315	-18.323	-1.227	-22.863965246415905
-2.029	1.861	-1.861	-2.0290153634936043
-1.213	1.921	-1.920	-1.2114210329728219
-3.420	-13.568	-1.229	-18.21697418632907
-2.033	1.861	-1.861	-2.0328017532085934
-1.215	1.921	-1.920	-1.213564870683653
-3.476	-9.966	-1.230	-14.672180080673241
-2.037	1.860	-1.860	-2.0365919055693213
-1.217	1.921	-1.919	-1.2156936918393244
-3.503	-7.238	-1.231	-11.971701696889015
-2.041	1.860	-1.860	-2.040384656515044
-1.219	1.920	-1.919	-1.217807372238422
-3.511	-5.173	-1.232	-9.915755719721664
-2.044	1.860	-1.860	-2.0441752747080355
-1.221	1.920	-1.919	-1.219905625665438
-3.508	-3.610	-1.233	-8.350647592553393
-2.048	1.860	-1.860	-2.0479599603902283
-1.223	1.920	-1.919	-1.2219881855254273
-3.498	-2.428	-1.233	-7.1586507840752045
-2.052	1.860	-1.859	-2.0517357972262644
-1.225	1.920	-1.918	-1.224054857071692
-3.483	-1.534	-1.233	-6.249877851365716
-2.056	1.859	-1.859	-2.055500635320682
-1.227	1.920	-1.918	-1.2261054933335203
-3.465	-0.858	-1.233	-5.5558621391537
-2.060	1.859	-1.859	-2.0592528476069187
-1.229	1.919	-1.918	-1.2281399759283842
-3.445	-0.346	-1.233	-5.0245484886843865
-2.063	1.859	-1.859	-2.0629911908799246
-1.231	1.919	-1.918	-1.2301581916413937
-3.424	0.040	-1.233	-4.616412741255557
-2.067	1.859	-1.858	-2.066714807729997
-1.233	1.919	-1.918	-1.2321600428920805
-3.401	0.333	-1.233	-4.301477359544069
-2.071	1.859	-1.858	-2.0704230019059624
-1.235	1.919	-1.917	-1.2341454791479889
-3.378	0.554	-1.233	-4.0570232376622215
-2.075	1.858	-1.858	-2.07411529009179
-1.237	1.918	-1.917	-1.2361144208179484
-3.354	0.721	-1.233	-3.865841900576962
-2.078	1.858	-1.858	-2.0777913204384872
-1.239	1.918	-1.917	-1.2380668150428749
-3.329	0.847	-1.233	-3.7149056255762
-2.082	1.858	-1.858	-2.0814508377282017
-1.241	1.918	-1.917	-1.2400026256219367
-3.304	0.942	-1.232	-3.594354503184081
-2.086	1.858	-1.857	-2.085093663960774
-1.243	1.918	-1.916	-1.24192178854239
-3.279	1.015	-1.232	-3.4967278587483923
-2.089	1.858	-1.857	-2.088719682328147
-1.245	1.917	-1.916	-1.2438242635274672
-3.254	1.069	-1.232	-3.4163823780722815
-2.093	1.857	-1.857	-2.092328795781069
-1.247	1.917	-1.916	-1.2457100078921588
-3.228	1.110	-1.232	-3.3490491365435147
-2.096	1.857	-1.857	-2.0959209852396734
-1.249	1.917	-1.916	-1.2475789820891376
-3.201	1.141	-1.231	-3.2914998956250687
-2.100	1.857	-1.856	-2.0994962187801187
-1.251	1.917	-1.915	-1.249431150142043
-3.175	1.165	-1.231	-3.2412932338035216
-2.104	1.857	-1.856	-2.103054489386322
-1.253	1.916	-1.915	-1.2512664772606152
-3.148	1.182	-1.231	-3.1965828532515275
-2.107	1.856	-1.856	-2.10659581748217
-1.254	1.916	-1.915	-1.2530849071543757
-3.121	1.196	-1.231	-3.1559729174388633
-2.111	1.856	-1.856	-2.1101202094414866
-1.256	1.916	-1.915	-1.254886429421041
-3.094	1.206	-1.230	-3.118407886936201
-2.114	1.856	-1.855	-2.1136277092902063
-1.258	1.916	-1.914	-1.2566709811228656
-3.066	1.213	-1.230	-3.083089973553725
-2.118	1.856	-1.855	-2.117118352953022
-1.230	1.916	-1.914	-1.228332802803505
-2.781	1.219	-1.230	-2.7921945984170122
-2.083	1.856	-1.855	-2.0823175497772866
-1.231	1.915	-1.914	-1.229922582455357
-2.753	1.223	-1.230	-2.7589814311278182
-2.086	1.855	-1.855	-2.085619966051834
-1.233	1.915	-1.914	-1.2314924399290832
-2.724	1.226	-1.229	-2.7265972459985157
-2.089	1.855	-1.855	-2.0889029784766766
-1.234	1.915	-1.914	-1.2330466063036456
-2.694	1.229	-1.229	-2.6948084597486974
-2.093	1.855	-1.854	-2.0921712325485347
-1.236	1.915	-1.913	-1.234584945960923
-2.665	1.231	-1.229	-2.663417573370263
-2.096	1.855	-1.854	-2.0954246440518114
-1.237	1.914	-1.913	-1.2361071003857496
-2.636	1.232	-1.229	-2.632273289149856
-2.099	1.854	-1.854	-2.0986629141111655
-1.239	1.914	-1.913	-1.2376127712736262
-2.606	1.233	-1.228	-2.601261317325396
-2.102	1.854	-1.854	-2.101885809196899
-1.240	1.914	-1.913	-1.2391017327579752
-2.576	1.233	-1.228	-2.570295106661141
-2.106	1.854	-1.853	-2.105093158439204
-1.242	1.914	-1.912	-1.2405737930564462
-2.545	1.234	-1.228	-2.5393092968678994
-2.109	1.854	-1.853	-2.1082848550854285
-1.243	1.914	-1.912	-1.2420288063931606
-2.515	1.234	-1.228	-2.508254342061869
-2.112	1.854	-1.853	-2.1114608084844186
-1.245	1.913	-1.912	-1.2434666341837766
-2.484	1.234	-1.227	-2.4770929650696676
-2.115	1.853	-1.853	-2.11462097627117
-1.246	1.913	-1.912	-1.244887182247001
-2.453	1.235	-1.227	-2.445796795332548
-2.118	1.853	-1.852	-2.1177653297918244
-1.248	1.913	-1.911	-1.2462903497137308
-2.422	1.235	-1.227	-2.4143443691157525
-2.122	1.853	-1.852	-2.1208938596271816
-1.249	1.913	-1.911	-1.2476760741879547
-2.391	1.235	-1.227	-2.3827196252068923
-2.125	1.853	-1.852	-2.1240065522215588
-1.250	1.912	-1.911	-1.2490442623569555
-2.359	1.234	-1.226	-2.3509101988304497
-2.128	1.852	-1.852	-2.1271034352761293
-1.252	1.912	-1.911	-1.2503948731734755
-2.327	1.234	-1.226	-2.3189067680632838
-2.131	1.852	-1.852	-2.1301845059070175
-1.253	1.912	-1.910	-1.2517278287107438
-2.295	1.234	-1.226	-2.2867022066168214
-2.134	1.852	-1.851	-2.133249793308632
-1.254	1.912	-1.910	-1.2530430632950813
-2.263	1.234	-1.226	-2.254291532228808
-2.137	1.852	-1.851	-2.1362993182750696
-1.256	1.911	-1.910	-1.254340555656084
-2.230	1.234	-1.225	-2.2216701610092153
-2.140	1.852	-1.851	-2.1393331097330672
-1.257	1.911	-1.910	-1.255620221149975
-2.198	1.234	-1.225	-2.1888354780304087
-2.143	1.851	-1.851	-2.142351184341523
-1.258	1.911	-1.910	-1.2568820160793064
-2.165	1.234	-1.225	-2.155784826117973
-2.146	1.851	-1.850	-2.1453535865285702
-1.260	1.911	-1.909	-1.2581259074588929
-2.131	1.234	-1.225	-2.122516436011496
-2.149	1.851	-1.850	-2.1483403441913076
-1.261	1.911	-1.909	-1.2593518254535052
-2.098	1.233	-1.224	-2.089029115710072
-2.152	1.851	-1.850	-2.1513114769397026
-1.262	1.910	-1.909	-1.2605597231879626
-2.064	1.233	-1.224	-2.055321455693212
-2.155	1.850	-1.850	-2.15426701644159
-1.263	1.910	-1.909	-1.2617495625174684
-2.031	1.233	-1.224	-2.021393060603408
-2.158	1.850	-1.850	-2.1572069963198794
-1.234	1.910	-1.908	-1.232228924749264
-1.783	1.233	-1.224	-1.7741537431132013
-2.119	1.850	-1.849	-2.1184377447575757
-1.235	1.910	-1.908	-1.2332115074459977
-1.749	1.233	-1.223	-1.739518794712065
-2.122	1.850	-1.849	-2.1211865625059074
-1.236	1.909	-1.908	-1.234172582432111
-1.714	1.232	-1.223	-1.7046601524598217
-2.125	1.850	-1.849	-2.1239170939241676
-1.237	1.909	-1.908	-1.23511690477098
-1.679	1.232	-1.223	-1.6695860473921045
-2.127	1.849	-1.849	-2.1266340999823563
-1.238	1.909	-1.907	-1.2360443122578404
-1.644	1.232	-1.223	-1.634295577860948
-2.130	1.849	-1.848	-2.1293374743366718
-1.238	1.909	-1.907	-1.2369544194702975
-1.608	1.232	-1.222	-1.5987884664648337
-2.133	1.849	-1.848	-2.13202689760952
-1.239	1.908	-1.907	-1.237846868446765
-1.573	1.232	-1.222	-1.563063617907093
-2.135	1.849	-1.848	-2.134702120278794
-1.240	1.908	-1.907	-1.238721399356751
-1.537	1.232	-1.222	-1.5271204468467434
-2.138	1.848	-1.848	-2.137362932530608
-1.241	1.908	-1.906	-1.239577793626165
-1.501	1.231	-1.222	-1.490958491948802
-2.141	1.848	-1.847	-2.140009213267967
-1.242	1.908	-1.906	-1.240415880283507
-1.465	1.231	-1.221	-1.4545775095422169
-2.143	1.848	-1.847	-2.1426408422861094
-1.243	1.908	-1.906	-1.2412354959173997
-1.428	1.231	-1.221	-1.4179772459067541
-2.146	1.848	-1.847	-2.145257753990119
-1.244	1.907	-1.906	-1.242036535713429
-1.391	1.231	-1.221	-1.3811572122232114
-2.149	1.848	-1.847	-2.1478599136202985
-1.244	1.907	-1.906	-1.2428188845382064
-1.354	1.231	-1.220	-1.3441174535110127
-2.151	1.847	-1.847	-2.1504472661234546
-1.245	1.907	-1.905	-1.2435824364488064
-1.317	1.231	-1.220	-1.3068574401703419
-2.154	1.847	-1.846	-2.1530198155753553
-1.246	1.907	-1.905	-1.2443271220914713
-1.280	1.230	-1.220	-1.2693772033725046
-2.156	1.847	-1.846	-2.15557752782912
-1.247	1.906	-1.905	-1.2450528534359724
-1.242	1.230	-1.220	-1.2316766562128498
-2.159	1.847	-1.846	-2.1581203980989434
-1.247	1.906	-1.905	-1.245759555248842
-1.204	1.230	-1.219	-1.1937557761333029
-2.161	1.846	-1.846	-2.1606484539701682
-1.248	1.906	-1.904	-1.2464471634368075
-1.166	1.230	-1.219	-1.1556139866959148
-2.164	1.846	-1.845	-2.1631616631872257
-1.249	1.906	-1.904	-1.2471156147382068
-1.128	1.230	-1.219	-1.117251586171332
-2.166	1.846	-1.845	-2.1656600640748556
-1.249	1.906	-1.904	-1.247764824723852
-1.089	1.229	-1.219	-1.0786682481278667
-2.169	1.846	-1.845	-2.1681436427497043
-1.250	1.905	-1.904	-1.2483947529724781
-1.051	1.229	-1.218	-1.0398637698039144
-2.171	1.846	-1.845	-2.170612415148084
-1.251	1.905	-1.903	-1.2490053191925534
-1.012	1.229	-1.218	-1.000838461726456
-2.174	1.845	-1.845	-2.1730663922052456
-1.251	1.905	-1.903	-1.2495964791799055
-0.973	1.229	-1.218	-0.9615916477904134
-2.176	1.845	-1.844	-2.1755055859805843
-1.252	1.905	-1.903	-1.2501681523444779
-0.933	1.229	-1.218	-0.9221238251747761
-2.179	1.845	-1.844	-2.1779300151332404
-1.252	1.904	-1.903	-1.2507202911253672
-0.894	1.228	-1.217	-0.8824342907787535
-2.181	1.845	-1.844	-2.180339681776381
-1.221	1.904	-1.902	-1.2191685352157147
-0.663	1.228	-1.217	-0.6521095603465681
-2.141	1.844	-1.844	-2.1403584768882458
-1.221	1.904	-1.902	-1.219519400568128
-0.623	1.228	-1.217	-0.611976781324018
-2.143	1.844	-1.843	-2.1425793584283523
-1.222	1.904	-1.902	-1.2198474798536383
-0.583	1.228	-1.217	-0.5716281717146756
-2.146	1.844	-1.843	-2.1447826051839987
-1.222	1.903	-1.902	-1.2201571684786807
-0.542	1.228	-1.216	-0.5310613892026168
-2.148	1.844	-1.843	-2.14697295749282
-1.222	1.903	-1.902	-1.2204482957170084
-0.502	1.227	-1.216	-0.4902766048699774
-2.150	1.844	-1.843	-2.149150319561214
-1.222	1.903	-1.901	-1.220720485998178
-0.461	1.227	-1.216	-0.449273743118189
-2.152	1.843	-1.842	-2.1513143195143183
-1.223	1.903	-1.901	-1.2209734218186956
-0.420	1.227	-1.216	-0.4080524571584394
-2.154	1.843	-1.842	-2.1534647189523763
-1.223	1.903	-1.901	-1.2212068040450175
-0.378	1.227	-1.215	-0.3666131159653987
-2.157	1.843	-1.842	-2.1556012828427473
-1.223	1.902	-1.901	-1.221420448806617
-0.337	1.227	-1.215	-0.3249557267429162
-2.159	1.843	-1.842	-2.1577238653102073
-1.223	1.902	-1.900	-1.2216141785625314
-0.295	1.226	-1.215	-0.28308000654710974
-2.161	1.843	-1.842	-2.159832349733616
-1.224	1.902	-1.900	-1.2217878226236818
-0.253	1.226	-1.214	-0.2409860598486575
-2.163	1.842	-1.841	-2.161926638698818
-1.224	1.902	-1.900	-1.2219412576631494
-0.211	1.226	-1.214	-0.1986736980563759
-2.165	1.842	-1.841	-2.1640066701924456
-1.224	1.901	-1.900	-1.222074378878361
-0.168	1.226	-1.214	-0.15614306494067676
-2.167	1.842	-1.841	-2.1660723982196344
-1.224	1.901	-1.899	-1.2221870809182074
-0.125	1.226	-1.214	-0.11339394236885836
-2.169	1.842	-1.841	-2.1681237815049315
-1.224	1.901	-1.899	-1.222279257727804
-0.083	1.225	-1.213	-0.070426244460575
-2.171	1.841	-1.840	-2.17016077518047
-1.224	1.901	-1.899	-1.2223508367249665
-0.039	1.225	-1.213	-0.027240061731894194
-2.173	1.841	-1.840	-2.1721833940601014
-1.224	1.900	-1.899	-1.2224017132062355
0.0	0.0	0.0	0.0
-2.175	1.841	-1.840	-2.1741915904236393
-1.224	1.900	-1.898	-1.2224318340584053
-2.177	1.841	-1.840	-2.176185358514654
-1.224	1.900	-1.898	-1.22244110782142
-2.179	1.841	-1.840	-2.178164700217656
-1.224	1.900	-1.898	-1.2224294625826932
-2.181	1.840	-1.839	-2.180129585419755
-1.224	1.900	-1.898	-1.222396820019175
-2.183	1.840	-1.839	-2.182080032277841
-1.224	1.899	-1.898	-1.2223431174358412
-2.185	1.840	-1.839	-2.1840160053037008
-1.224	1.899	-1.897	-1.2222682799409208
0.0	0.0	0.0	0.0
-2.187	1.840	-1.839	-2.1859375285836258
-1.224	1.899	-1.897	-1.222172225185602
-2.189	1.839	-1.838	-2.187844574232292
-1.224	1.899	-1.897	-1.2220549031577048
-2.191	1.839	-1.838	-2.189737155693554
-1.191	1.898	-1.897	-1.189184192043105
-2.150	1.839	-1.838	-2.1486548385961153
-1.191	1.898	-1.896	-1.1888597653066872
-2.151	1.839	-1.838	-2.15035850872405
-1.190	1.898	-1.896	-1.1885106219993222
-2.153	1.839	-1.837	-2.152044665909842
-1.190	1.898	-1.896	-1.1881413198349298
-2.155	1.838	-1.837	-2.1537180978050214
-1.190	1.898	-1.896	-1.187751682034957
-2.156	1.838	-1.837	-2.1553786814808733
-1.189	1.897	-1.895	-1.1873413018182726
0.0	0.0	0.0	0.0
-2.158	1.838	-1.837	-2.157026050562197
-1.189	1.897	-1.895	-1.1869098202672164
-2.160	1.838	-1.837	-2.158659915192941
-1.188	1.897	-1.895	-1.1864569727908243
-2.161	1.837	-1.836	-2.1602800513099787
-1.188	1.897	-1.895	-1.185982532416567
-2.163	1.837	-1.836	-2.1618862797874714
-1.187	1.896	-1.894	-1.1854862872466208
-2.165	1.837	-1.836	-2.1634784576093926
-1.187	1.896	-1.894	-1.1849681032888957
-2.166	1.837	-1.836	-2.16505650899017
-1.186	1.896	-1.894	-1.1844278013898226
-2.168	1.837	-1.835	-2.1666203189671496
-1.186	1.896	-1.894	-1.1838652746235998
-2.169	1.836	-1.835	-2.16816983337065
-1.185	1.895	-1.894	-1.183280412105175
0.0	0.0	0.0	0.0
-2.171	1.836	-1.835	-2.1697050077136275
-1.185	1.895	-1.893	-1.1826731001830308
-2.172	1.836	-1.835	-2.1712257821359833
-1.184	1.895	-1.893	-1.1820432466387605
-2.174	1.836	-1.835	-2.1727321342380854
-1.183	1.895	-1.893	-1.1813907594133852
-2.175	1.835	-1.834	-2.1742240196975757
-1.183	1.895	-1.893	-1.1807155380112937
-2.177	1.835	-1.834	-2.175701414926567
-1.182	1.894	-1.892	-1.1800175137146212
-2.178	1.835	-1.834	-2.177164303470893
-1.181	1.894	-1.892	-1.1792965819483745
-2.180	1.835	-1.834	-2.1786126558223264
-1.181	1.894	-1.892	-1.1785526763831846
-2.181	1.835	-1.833	-2.180046446297874
-1.180	1.894	-1.892	-1.177785698804577
0.0	0.0	0.0	0.0
-2.183	1.834	-1.833	-2.1814656534768475
-1.179	1.893	-1.891	-1.176995583130027
-2.184	1.834	-1.833	-2.1828702616349602
-1.178	1.893	-1.891	-1.176182237374255
-2.185	1.834	-1.833	-2.184260254202248
-1.177	1.893	-1.891	-1.1753455844613414
-2.187	1.834	-1.832	-2.1856356101207455
-1.143	1.893	-1.891	-1.141356742803554
-2.145	1.833	-1.832	-2.143469651347175
-1.142	1.893	-1.890	-1.1403061499110445
-2.146	1.833	-1.832	-2.1446535162411395
-1.141	1.892	-1.890	-1.1392285915880525
-2.147	1.833	-1.832	-2.145819500396186
-1.140	1.892	-1.890	-1.1381288435660768
-2.148	1.833	-1.832	-2.1469724926966953
-1.139	1.892	-1.890	-1.1370067048731782
0.0	0.0	0.0	0.0
-2.149	1.833	-1.831	-2.1481123679491754
-1.138	1.892	-1.890	-1.1358617463058989
-2.150	1.832	-1.831	-2.14923873956562
-1.137	1.891	-1.889	-1.1346936057844408
-2.152	1.832	-1.831	-2.150351297427567
-1.136	1.891	-1.889	-1.1335019898056333
-2.153	1.832	-1.831	-2.151449788183063
-1.134	1.891	-1.889	-1.1322866446980813
-2.154	1.832	-1.830	-2.1525340249338987
-1.133	1.891	-1.889	-1.131047352873271
-2.155	1.831	-1.830	-2.1536038627436582
-1.132	1.891	-1.888	-1.1297839635852291
-2.156	1.831	-1.830	-2.1546591612574604
-1.131	1.890	-1.888	-1.1284963063027607
-2.157	1.831	-1.830	-2.1556998332404387
-1.129	1.890	-1.888	-1.1271842439625532
0.0	0.0	0.0	0.0
-2.158	1.831	-1.830	-2.1567258098227278
-1.128	1.890	-1.888	-1.125847664231969
-2.159	1.831	-1.829	-2.1577370172410975
-1.127	1.890	-1.887	-1.1244864386809383
-2.160	1.830	-1.829	-2.1587333749616806
-1.125	1.889	-1.887	-1.1231004620545255
-2.161	1.830	-1.829	-2.1597148633823586
-1.124	1.889	-1.887	-1.121689627156901
-2.162	1.830	-1.829	-2.1606814213112164
-1.122	1.889	-1.887	-1.1202538510353486
-2.163	1.830	-1.828	-2.1616330005873006
-1.121	1.889	-1.887	-1.118793031196712
-2.164	1.830	-1.828	-2.162569581040003
-1.119	1.888	-1.886	-1.117307077143659
-2.165	1.829	-1.828	-2.1634911126317733
-1.118	1.888	-1.886	-1.115795882576762
0.0	0.0	0.0	0.0
-2.166	1.829	-1.828	-2.164397567934789
-1.116	1.888	-1.886	-1.1142593857530485
-2.167	1.829	-1.828	-2.165288912703042
-1.115	1.888	-1.886	-1.1126974614385
-2.167	1.829	-1.827	-2.166165113471004
-1.113	1.888	-1.885	-1.1111100375408862
-2.168	1.828	-1.827	-2.1670261251242495
-1.112	1.887	-1.885	-1.109497028102859
-2.169	1.828	-1.827	-2.1678719203765366
-1.077	1.887	-1.885	-1.0746382864136041
-2.126	1.828	-1.827	-2.1246856701506953
-1.075	1.887	-1.885	-1.072804261325626
-2.127	1.828	-1.826	-2.1253352704421093
-1.073	1.887	-1.884	-1.0709408051245508
-2.127	1.828	-1.826	-2.125966184693783
-1.071	1.886	-1.884	-1.0690528602732265
0.0	0.0	0.0	0.0
-2.128	1.827	-1.826	-2.1265834808733155
-1.069	1.886	-1.884	-1.0671402561968426
-2.129	1.827	-1.826	-2.1271870090292664
-1.067	1.886	-1.884	-1.065202502630301
-2.129	1.827	-1.825	-2.127776353676193
-1.066	1.886	-1.883	-1.063239237277577
-2.130	1.827	-1.825	-2.128351187495295
-1.064	1.886	-1.883	-1.061250134652765
-2.130	1.826	-1.825	-2.128911243124154
-1.062	1.885	-1.883	-1.0592349383006905
-2.131	1.826	-1.825	-2.1294563111619658
-1.060	1.885	-1.883	-1.0571934207666038
-2.131	1.826	-1.825	-2.1299862168722266
-1.057	1.885	-1.883	-1.055125406840271
-2.132	1.826	-1.824	-2.1305008339246583
-1.055	1.885	-1.882	-1.0530307572483135
0.0	0.0	0.0	0.0
-2.132	1.826	-1.824	-2.131000039799445
-1.053	1.884	-1.882	-1.0509092711886023
-2.133	1.825	-1.824	-2.131483747220687
-1.051	1.884	-1.882	-1.048760842303716
-2.133	1.825	-1.824	-2.131951881232051
-1.049	1.884	-1.882	-1.046585359423592
-2.134	1.825	-1.823	-2.1324043472543814
-1.047	1.884	-1.881	-1.044382684102834
-2.134	1.825	-1.823	-2.132841111703967
-1.045	1.883	-1.881	-1.0421527332235565
-2.135	1.824	-1.823	-2.133262091092857
-1.042	1.883	-1.881	-1.0398953663033645
-2.135	1.824	-1.823	-2.1336672401639394
-1.040	1.883	-1.881	-1.037610519960318
-2.136	1.824	-1.823	-2.1340565145657426
-1.038	1.883	-1.880	-1.0352980553979039
0.0	0.0	0.0	0.0
-2.136	1.824	-1.822	-2.1344298595899693
-1.035	1.883	-1.880	-1.0329579016489476
-2.136	1.824	-1.822	-2.134787225018778
-1.033	1.882	-1.880	-1.0305899469574038
-2.137	1.823	-1.822	-2.135128577211077
-1.031	1.882	-1.880	-1.0281940981004793
-2.137	1.823	-1.822	-2.1354538509186654
-1.028	1.882	-1.879	-1.0257702598028953
-2.137	1.823	-1.821	-2.135763029600331
-1.026	1.882	-1.879	-1.0233183377196673
-2.138	1.823	-1.821	-2.1360560474704915
-0.990	1.881	-1.879	-0.9879115055068455
-2.093	1.822	-1.821	-2.091911456641834
-0.988	1.881	-1.879	-0.9852315375036705
-2.094	1.822	-1.821	-2.0920016282451126
-0.985	1.881	-1.879	-0.982519453883572
0.0	0.0	0.0	0.0
-2.094	1.822	-1.821	-2.0920718903231403
-0.982	1.881	-1.878	-0.9797804080151906
-2.094	1.822	-1.820	-2.092127563416888
-0.980	1.881	-1.878	-0.9770141893748343
-2.094	1.822	-1.820	-2.0921684733246098
-0.977	1.880	-1.878	-0.9742203012129199
-2.094	1.821	-1.820	-2.092194177718125
-0.974	1.880	-1.878	-0.9713983781398444
-2.094	1.821	-1.820	-2.0922043288838577
-0.971	1.880	-1.877	-0.968548065896688
-2.094	1.821	-1.819	-2.0921986347714525
-0.968	1.880	-1.877	-0.9656691106423605
-2.094	1.821	-1.819	-2.092176865275333
-0.965	1.879	-1.877	-0.9627612609524181
-2.094	1.821	-1.819	-2.0921388222579287
-0.962	1.879	-1.877	-0.9598243516751022
0.0	0.0	0.0	0.0
-2.094	1.820	-1.819	-2.0920843852413373
-0.959	1.879	-1.876	-0.9568581811739009
-2.094	1.820	-1.818	-2.092013403876039
-0.956	1.879	-1.876	-0.9538626056086476
-2.094	1.820	-1.818	-2.0919257794149475
-0.953	1.879	-1.876	-0.9508374995110643
-2.093	1.820	-1.818	-2.091821414429498
-0.950	1.878	-1.876	-0.9477827051981407
-2.093	1.819	-1.818	-2.091700221688753
-0.947	1.878	-1.875	-0.9446981239935627
-2.093	1.819	-1.818	-2.0915621329263328
-0.944	1.878	-1.875	-0.9415836363857343
-2.093	1.819	-1.817	-2.091407074632391
-0.941	1.878	-1.875	-0.9384391325698795
-2.093	1.819	-1.817	-2.0912349873726157
-0.938	1.877	-1.875	-0.9352644945419698
0.0	0.0	0.0	0.0
-2.093	1.819	-1.817	-2.091045812174057
-0.935	1.877	-1.875	-0.9320596151117977
-2.092	1.818	-1.817	-2.090839466446175
-0.931	1.877	-1.874	-0.9288243940473009
-2.092	1.818	-1.816	-2.0906159143177674
-0.928	1.877	-1.874	-0.9255587466005147
-2.092	1.818	-1.816	-2.0903750983970193
-0.925	1.876	-1.874	-0.9222625525632753
-2.092	1.818	-1.816	-2.0901169450705677
-0.922	1.876	-1.874	-0.9189357176246788
-2.092	1.817	-1.816	-2.089841414362893
-0.918	1.876	-1.873	-0.9155781328964232
-2.091	1.817	-1.816	-2.0895484575169387
-0.883	1.876	-1.873	-0.880023306630978
-2.046	1.817	-1.815	-2.0445267810201853
-0.879	1.876	-1.873	-0.8764311801906326
0.0	0.0	0.0	0.0
-2.046	1.817	-1.815	-2.044022566648568
-0.876	1.875	-1.873	-0.8728041397791545
-2.045	1.817	-1.815	-2.04349688088066
-0.872	1.875	-1.872	-0.869147511217252
-2.045	1.816	-1.815	-2.0429553001806156
-0.868	1.875	-1.872	-0.865461029146726
-2.044	1.816	-1.814	-2.042397649264946
-0.865	1.875	-1.872	-0.8617442368401595
-2.044	1.816	-1.814	-2.041823463092146
-0.861	1.874	-1.872	-0.8579967151095174
-2.043	1.816	-1.814	-2.0412323511212276
-0.857	1.874	-1.871	-0.8542181471396055
-2.042	1.816	-1.814	-2.0406240065619787
-0.853	1.874	-1.871	-0.8504081991993153
-2.042	1.815	-1.814	-2.0399981721472633
-0.849	1.874	-1.871	-0.846566683876953
0.0	0.0	0.0	0.0
-2.041	1.815	-1.813	-2.0393546578409723
-0.846	1.874	-1.871	-0.8426933727412684
-2.040	1.815	-1.813	-2.038693303409759
-0.842	1.873	-1.871	-0.8387880981125724
-2.040	1.815	-1.813	-2.038013944160449
-0.838	1.873	-1.870	-0.8348506946913699
-2.039	1.814	-1.813	-2.037316484521937
-0.834	1.873	-1.870	-0.8308810434155076
-2.038	1.814	-1.812	-2.036600799757439
-0.830	1.873	-1.870	-0.8268789820317113
-2.038	1.814	-1.812	-2.035866811202494
-0.826	1.872	-1.870	-0.8228443986850527
-2.037	1.814	-1.812	-2.0351144197508653
-0.822	1.872	-1.869	-0.8187771488591427
-2.036	1.814	-1.812	-2.0343435469576754
-0.818	1.872	-1.869	-0.8146771552623944
0.0	0.0	0.0	0.0
-2.035	1.813	-1.812	-2.0335541201437413
-0.813	1.872	-1.869	-0.8105443014676956
-2.035	1.813	-1.811	-2.032746063168182
-0.809	1.872	-1.869	-0.8063784498476259
-2.034	1.813	-1.811	-2.0319193131342663
-0.805	1.871	-1.868	-0.8021795160313911
-2.033	1.813	-1.811	-2.0310738103678654
-0.801	1.871	-1.868	-0.7979474064449854
-2.032	1.812	-1.811	-2.030209460989205
-0.797	1.871	-1.868	-0.7936819889316256
-2.031	1.812	-1.810	-2.029326216001329
-0.792	1.871	-1.868	-0.7893831824070467
-2.030	1.812	-1.810	-2.0284240170659684
-0.788	1.870	-1.867	-0.7850508917891621
-2.029	1.812	-1.810	-2.027502793845714
-0.753	1.870	-1.867	-0.7498353342802868
0.0	0.0	0.0	0.0
-1.984	1.812	-1.810	-1.9817226536500427
-0.748	1.870	-1.867	-0.7452630397893223
-1.982	1.811	-1.809	-1.9805802419745842
-0.744	1.870	-1.867	-0.7406529392861676
-1.981	1.811	-1.809	-1.9794144624722683
-0.739	1.870	-1.867	-0.7360104974064876
-1.980	1.811	-1.809	-1.9782312043600372
-0.734	1.869	-1.866	-0.7313355012084635
-1.979	1.811	-1.809	-1.977030279349212
-0.730	1.869	-1.866	-0.726627437763707
-1.978	1.811	-1.809	-1.9758111703782797
-0.725	1.869	-1.866	-0.7218858794646692
-1.977	1.810	-1.808	-1.9745734836364686
-0.720	1.869	-1.866	-0.7171105205240287
-1.975	1.810	-1.808	-1.9733168777428454
-0.715	1.868	-1.865	-0.7123010195392026
0.0	0.0	0.0	0.0
-1.974	1.810	-1.808	-1.9720410933632246
-0.711	1.868	-1.865	-0.7074571631724422
-1.973	1.810	-1.808	-1.970745906612883
-0.706	1.868	-1.865	-0.7025787598685409
-1.971	1.809	-1.807	-1.969431129744797
-0.701	1.868	-1.865	-0.6976656243261385
-1.970	1.809	-1.807	-1.9680966164921472
-0.696	1.867	-1.864	-0.6927175675554216
-1.969	1.809	-1.807	-1.9667422459337305
-0.691	1.867	-1.864	-0.6877344573651698
-1.967	1.809	-1.807	-1.9653678723872265
-0.686	1.867	-1.864	-0.6827162033804139
-1.966	1.809	-1.807	-1.9639734132549782
-0.681	1.867	-1.864	-0.6776626139763833
-1.965	1.808	-1.806	-1.962558764578402
-0.676	1.867	-1.863	-0.6725736279399741
0.0	0.0	0.0	0.0
-1.963	1.808	-1.806	-1.961123823837473
-0.671	1.866	-1.863	-0.6674490698537057
-1.962	1.808	-1.806	-1.95966852098263
-0.665	1.866	-1.863	-0.6622888823946618
-1.960	1.808	-1.806	-1.958192781317345
-0.660	1.866	-1.863	-0.6570929397410594
-1.959	1.807	-1.805	-1.9566965035719743
-0.655	1.866	-1.862	-0.6518611264163703
-1.957	1.807	-1.805	-1.9551796367467473
-0.650	1.865	-1.862	-0.6465933524743399
-1.956	1.807	-1.805	-1.9536420790475504
-0.644	1.865	-1.862	-0.6412895218435994
-1.954	1.807	-1.805	-1.9520837761501
-0.639	1.865	-1.862	-0.6359495079971738
-1.953	1.807	-1.805	-1.9505046467047495
-0.634	1.865	-1.862	-0.6305732243076925
0.0	0.0	0.0	0.0
-1.951	1.806	-1.804	-1.948904615113783
-0.599	1.865	-1.861	-0.5962742612226057
-1.905	1.806	-1.804	-1.9025336832818107
-0.594	1.864	-1.861	-0.5906539541756204
-1.903	1.806	-1.804	-1.9007012424520586
-0.588	1.864	-1.861	-0.584992984009854
-1.901	1.806	-1.804	-1.8988432368605976
-0.583	1.864	-1.861	-0.5792969392383305
-1.899	1.806	-1.803	-1.896965898005902
-0.577	1.864	-1.860	-0.5735655704080218
-1.897	1.805	-1.803	-1.8950690046560696
-0.571	1.863	-1.860	-0.5677984184120748
-1.895	1.805	-1.803	-1.8931520599630733
-0.565	1.863	-1.860	-0.5619950130992559
-1.893	1.805	-1.803	-1.89121459315617
-0.559	1.863	-1.860	-0.5561550222519844
0.0	0.0	0.0	0.0
-1.891	1.805	-1.803	-1.8892562753251119
-0.554	1.863	-1.859	-0.5502781569582325
-1.889	1.804	-1.802	-1.8872768072549648
-0.548	1.863	-1.859	-0.544364183892877
-1.887	1.804	-1.802	-1.885275930916919
-0.542	1.862	-1.859	-0.5384129092746135
-1.885	1.804	-1.802	-1.883253475515225
-0.536	1.862	-1.859	-0.5324241263944691
-1.883	1.804	-1.802	-1.881209271307093
-0.530	1.862	-1.858	-0.5263977158107229
-1.881	1.804	-1.801	-1.8791431670049514
-0.524	1.862	-1.858	-0.5203334819108294
-1.879	1.803	-1.801	-1.8770550455005648
-0.518	1.861	-1.858	-0.5142313462381223
-1.877	1.803	-1.801	-1.874944773359594
-0.512	1.861	-1.858	-0.5080911610677643
0.0	0.0	0.0	0.0
-1.875	1.803	-1.801	-1.8728122570398842
-0.505	1.861	-1.858	-0.5019128208051886
-1.873	1.803	-1.800	-1.8706574049409979
-0.499	1.861	-1.857	-0.4956962089744743
-1.871	1.802	-1.800	-1.8684801016973887
-0.493	1.860	-1.857	-0.48944121488587133
-1.868	1.802	-1.800	-1.866280275453478
-0.487	1.860	-1.857	-0.4831477621744822
-1.866	1.802	-1.800	-1.8640578352529702
-0.480	1.860	-1.857	-0.47681570098988413
-1.864	1.802	-1.800	-1.8618126856463093
-0.474	1.860	-1.856	-0.47044499115859595
-1.862	1.802	-1.799	-1.8595447681242319
-0.468	1.860	-1.856	-0.4640354893623828
-1.859	1.801	-1.799	-1.8572539767045417
-0.461	1.859	-1.856	-0.4575871217011793
0.0	0.0	0.0	0.0
-1.857	1.801	-1.799	-1.8549402365519183
-0.455	1.859	-1.856	-0.45109976341731906
-1.855	1.801	-1.799	-1.8526034566596379
-0.422	1.859	-1.855	-0.41838186561814283
-1.808	1.801	-1.798	-1.8058705224767766
-0.415	1.859	-1.855	-0.41164823470638146
-1.806	1.801	-1.798	-1.8032890770416035
-0.408	1.858	-1.855	-0.4048712281474802
-1.803	1.800	-1.798	-1.8006795893613687
-0.402	1.858	-1.855	-0.3980564359480543
-1.800	1.800	-1.798	-1.7980486841293366
-0.395	1.858	-1.854	-0.39120369551375545
-1.798	1.800	-1.798	-1.7953961359330488
-0.388	1.858	-1.854	-0.3843124821064623
-1.795	1.800	-1.797	-1.792721376396558
-0.381	1.858	-1.854	-0.377382360909305
0.0	0.0	0.0	0.0
-1.792	1.799	-1.797	-1.7900239526406425
-0.374	1.857	-1.854	-0.3704129867221453
-1.790	1.799	-1.797	-1.7873034557853131
-0.367	1.857	-1.853	-0.36340413359969537
-1.787	1.799	-1.797	-1.7845595996638255
-0.360	1.857	-1.853	-0.3563554941350886
-1.784	1.799	-1.796	-1.781792135840091
-0.353	1.857	-1.853	-0.3492669231741419
-1.781	1.799	-1.796	-1.7790008386417397
-0.346	1.856	-1.853	-0.34213824488434996
-1.779	1.798	-1.796	-1.7761855470286116
-0.339	1.856	-1.853	-0.3349692646909861
-1.776	1.798	-1.796	-1.7733460842645405
-0.331	1.856	-1.852	-0.3277598830307151
-1.773	1.798	-1.796	-1.7704823360921509
-0.324	1.856	-1.852	-0.3205099618539906
0.0	0.0	0.0	0.0
-1.770	1.798	-1.795	-1.767594162272867
-0.317	1.856	-1.852	-0.3132193992452432
-1.767	1.798	-1.795	-1.7646814460129783
-0.310	1.855	-1.852	-0.3058881103809601
-1.764	1.797	-1.795	-1.7617440762209833
-0.302	1.855	-1.851	-0.29851594327804665
-1.761	1.797	-1.795	-1.758781970815915
-0.295	1.855	-1.851	-0.29110283321111763
-1.758	1.797	-1.794	-1.7557950304144996
-0.287	1.855	-1.851	-0.28364868020605116
-1.755	1.797	-1.794	-1.752783147406558
-0.280	1.854	-1.851	-0.2761534001608281
-1.752	1.796	-1.794	-1.749746244073336
-0.272	1.854	-1.850	-0.26861686963480347
-1.749	1.796	-1.794	-1.7466842110842453
-0.265	1.854	-1.850	-0.26103904309625037
0.0	0.0	0.0	0.0
-1.746	1.796	-1.794	-1.7435969886054092
-0.257	1.854	-1.850	-0.25341979859339236
-1.743	1.796	-1.793	-1.740484454292699
-0.250	1.853	-1.850	-0.24575908443451833
-1.740	1.796	-1.793	-1.7373465586149581
-0.219	1.853	-1.849	-0.21536568334474837
-1.693	1.795	-1.793	-1.6905534969997007
-0.211	1.853	-1.849	-0.20745847229130332
-1.690	1.795	-1.793	-1.6871578992962428
-0.203	1.853	-1.849	-0.19950534727058522
-1.686	1.795	-1.792	-1.6837315168477756
-0.195	1.853	-1.849	-0.19151197748800408
-1.683	1.795	-1.792	-1.6802814309668088
-0.187	1.852	-1.848	-0.18347816151955976
-1.679	1.794	-1.792	-1.6768073942835113
-0.179	1.852	-1.848	-0.1754033947111353
0.0	0.0	0.0	0.0
-1.676	1.794	-1.792	-1.6733088076411842
-0.171	1.852	-1.848	-0.1672872815616322
-1.672	1.794	-1.791	-1.6697851508192292
-0.163	1.852	-1.848	-0.15912946566743802
-1.669	1.794	-1.791	-1.6662360537816838
-0.155	1.851	-1.848	-0.15092972613580602
-1.665	1.794	-1.791	-1.6626611843350405
-0.147	1.851	-1.847	-0.14268778110592906
-1.662	1.793	-1.791	-1.6590602529289722
-0.138	1.851	-1.847	-0.13440346820269555
-1.658	1.793	-1.791	-1.6554330575006664
-0.130	1.851	-1.847	-0.1260766380095526
-1.654	1.793	-1.790	-1.651779399726439
-0.122	1.851	-1.847	-0.1177071555376179
-1.651	1.793	-1.790	-1.6480991121251491
-0.113	1.850	-1.846	-0.10929488827429612
0.0	0.0	0.0	0.0
-1.647	1.793	-1.790	-1.6443920452140683
-0.105	1.850	-1.846	-0.10083973509374289
-1.643	1.792	-1.790	-1.6406580846911503
-0.096	1.850	-1.846	-0.09234155450748327
-1.640	1.792	-1.789	-1.6368970740591506
-0.088	1.850	-1.846	-0.08380032088179323
-1.636	1.792	-1.789	-1.6331089387258373
-0.079	1.849	-1.845	-0.07521588811563129
-1.632	1.792	-1.789	-1.6292935623148532
-0.071	1.849	-1.845	-0.06658820316547231
-1.628	1.791	-1.789	-1.625450824725014
-0.062	1.849	-1.845	-0.05791718832514947
-1.624	1.791	-1.789	-1.621580642731078
-0.053	1.849	-1.845	-0.04920271090338413
-1.620	1.791	-1.788	-1.6176829182274197
-0.045	1.849	-1.844	-0.040444770449500345
0.0	0.0	0.0	0.0
-1.616	1.791	-1.788	-1.6137575446606551
-0.036	1.848	-1.844	-0.03164328647797254
-1.613	1.791	-1.788	-1.6098044449054494
-0.027	1.848	-1.844	-0.022798131708253955
-1.609	1.790	-1.788	-1.6058234976853882
-0.018	1.848	-1.844	-0.013909291158471726
-1.605	1.790	-1.787	-1.601814653302128
0.0	0.0	0.0	0.0
-1.558	1.790	-1.787	-1.5553474165054693
-1.554	1.790	-1.787	-1.5510673298581554
-1.550	1.790	-1.787	-1.546753551152248
-1.545	1.789	-1.787	-1.5424136147113492
0.0	0.0	0.0	0.0
-1061.092	485.956	17.944	-557.1922986661048
-1.541	1.789	-1.786	-1.5380472423353149
-1232.266	249.179	17.987	-965.099575813715
-1.536	1.789	-1.786	-1.5336538022694637
0.0	0.0	0.0	0.0
-1.532	1.789	-1.786	-1.5292327454269756
-1.528	1.788	-1.786	-1.524783685148504
-1.523	1.788	-1.785	-1.5203062436800296
-1.519	1.788	-1.785	-1.5158001613242127
-1.514	1.788	-1.785	-1.5112651925677225
-1.510	1.788	-1.785	-1.5067011448824816
0.0	0.0	0.0	0.0
0.0	0.0	0.0	0.0
-1.505	1.787	-1.784	-1.5021078259066583
-1.500	1.787	-1.784	-1.4974851104550668
-1.496	1.787	-1.784	-1.4928328432167108
-1.491	1.787	-1.784	-1.4881508813924715
-1.486	1.787	-1.784	-1.4834391443427102
-1.482	1.786	-1.783	-1.4786974893703586
-1.477	1.786	-1.783	-1.4739258180453096
-1.472	1.786	-1.783	-1.469124050801633
0.0	0.0	0.0	0.0
0.0	0.0	0.0	0.0
-1.467	1.786	-1.783	-1.4642920380914355
-1.462	1.785	-1.782	-1.4594297268600043
-1.458	1.785	-1.782	-1.4545370071913093
-1.453	1.785	-1.782	-1.4496137613745856
-1.448	1.785	-1.782	-1.4446599342614126
-1.402	1.785	-1.782	-1.3989970643100003
-1.397	1.784	-1.781	-1.393758230842345
-1.392	1.784	-1.781	-1.3884826529906296
0.0	0.0	0.0	0.0
0.0	0.0	0.0	0.0
-1.386	1.784	-1.781	-1.3831783242069846
-1.381	1.784	-1.781	-1.3778449323622082
-1.376	1.784	-1.780	-1.372481846711413
-1.370	1.783	-1.780	-1.3670884701452177
-1.365	1.783	-1.780	-1.3616643972559004
-1.359	1.783	-1.780	-1.356209240865211
-1.354	1.783	-1.780	-1.350722697803948
-1.348	1.782	-1.779	-1.3452045379593922
0.0	0.0	0.0	0.0
0.0	0.0	0.0	0.0
-1.343	1.782	-1.779	-1.3396545739895533
-1.337	1.782	-1.779	-1.334072593539426
-1.332	1.782	-1.779	-1.32845846209521
-1.326	1.782	-1.778	-1.322811997334664
-1.320	1.781	-1.778	-1.3171331249071787
-1.315	1.781	-1.778	-1.3114216706182917
-1.309	1.781	-1.778	-1.3056775494996324
-1.303	1.781	-1.777	-1.2999006612314181
0.0	0.0	0.0	0.0
0.0	0.0	0.0	0.0
-1.297	1.780	-1.777	-1.2940908929710042
-1.291	1.780	-1.777	-1.2882481198156883
-1.286	1.780	-1.777	-1.2823722661727537
-1.280	1.780	-1.777	-1.27646322553744
-1.274	1.780	-1.776	-1.2705209119468137
-1.268	1.779	-1.776	-1.2645452207334615
-1.224	1.779	-1.776	-1.2204008936046202
-1.217	1.779	-1.776	-1.2141265137292525
0.0	0.0	0.0	0.0
0.0	0.0	0.0	0.0
-1.211	1.779	-1.775	-1.2078122724322407
-1.205	1.779	-1.775	-1.2014665980482029
-1.198	1.778	-1.775	-1.1950891560773134
-1.192	1.778	-1.775	-1.188679299850681
-1.186	1.778	-1.775	-1.1822364229717888
-1.179	1.778	-1.774	-1.1757600859811344
-1.173	1.777	-1.774	-1.1692498650018601
-1.166	1.777	-1.774	-1.1627054744273693
0.0	0.0	0.0	0.0
0.0	0.0	0.0	0.0
-1.160	1.777	-1.774	-1.1561267042910095
-1.153	1.777	-1.773	-1.149513269236408
-1.146	1.777	-1.773	-1.1428650431031901
-1.140	1.776	-1.773	-1.13618183419928
-1.133	1.776	-1.773	-1.1294635079006161
-1.126	1.776	-1.772	-1.122709946855534
-1.119	1.776	-1.772	-1.1159209875758547
-1.113	1.776	-1.772	-1.1090965641208284
0.0	0.0	0.0	0.0
0.0	0.0	0.0	0.0
-1.106	1.775	-1.772	-1.102236536308911
-1.099	1.775	-1.772	-1.095340825473142
-1.092	1.775	-1.771	-1.0884093155956256
-1.085	1.775	-1.771	-1.0814418990570633
-1.078	1.774	-1.771	-1.0744385120367619
-1.071	1.774	-1.771	-1.0673989926312728
-1.064	1.774	-1.770	-1.0603233270340102
-1.022	1.774	-1.770	-1.0181365704583742
0.0	0.0	0.0	0.0
0.0	0.0	0.0	0.0
-1.014	1.774	-1.770	-1.0107485052275864
-1.007	1.773	-1.770	-1.0033173929187913
-1.000	1.773	-1.770	-0.9958521587035978
-0.992	1.773	-1.769	-0.9883524908954384
-0.985	1.773	-1.769	-0.9808176424372368
-0.977	1.773	-1.769	-0.9732470400193229
-0.969	1.772	-1.769	-0.9656401820164391
-0.962	1.772	-1.768	-0.9579966935449842
0.0	0.0	0.0	0.0
0.0	0.0	0.0	0.0
-0.954	1.772	-1.768	-0.9503162220182051
-0.946	1.772	-1.768	-0.9425985645123087
-0.939	1.771	-1.768	-0.9348434663092549
-0.931	1.771	-1.767	-0.9270507463800541
-0.923	1.771	-1.767	-0.9192202823986668
-0.915	1.771	-1.767	-0.9113518735888517
-0.907	1.771	-1.767	-0.9034454081598529
-0.899	1.770	-1.767	-0.8955008141395322
0.0	0.0	0.0	0.0
0.0	0.0	0.0	0.0
-0.891	1.770	-1.766	-0.8875179187961546
-0.883	1.770	-1.766	-0.8794966418039358
-0.875	1.770	-1.766	-0.8714368907046603
-0.867	1.769	-1.766	-0.8633386020850424
-0.859	1.769	-1.765	-0.8552015996057318
-0.851	1.769	-1.765	-0.8470258319320882
-0.843	1.769	-1.765	-0.8388112444272231
-0.834	1.769	-1.765	-0.8305576760380249
0.0	0.0	0.0	0.0
0.0	0.0	0.0	0.0
-0.795	1.768	-1.764	-0.7912226849756394
-0.787	1.768	-1.764	-0.7826433108824147
-0.778	1.768	-1.764	-0.7740178119896814
-0.769	1.768	-1.764	-0.7653554775236566
-0.761	1.768	-1.764	-0.7566560953433847
-0.752	1.767	-1.763	-0.7479189068821255
-0.743	1.767	-1.763	-0.7391432223120806
-0.734	1.767	-1.763	-0.7303285798256034
0.0	0.0	0.0	0.0
0.0	0.0	0.0	0.0
-0.726	1.767	-1.763	-0.7214745937814764
-0.717	1.767	-1.762	-0.7125809456859917
-0.708	1.766	-1.762	-0.7036473434644781
-0.699	1.766	-1.762	-0.6946735936952229
-0.690	1.766	-1.762	-0.6856595335062818
-0.681	1.766	-1.762	-0.6766049687030995
-0.672	1.765	-1.761	-0.6675097755211974
-0.663	1.765	-1.761	-0.6583738456629664
0.0	0.0	0.0	0.0
0.0	0.0	0.0	0.0
-0.653	1.765	-1.761	-0.6491970126842412
-0.644	1.765	-1.761	-0.6399792576971708
-0.635	1.765	-1.760	-0.6307204163499389
-0.626	1.764	-1.760	-0.621420428018109
-0.616	1.764	-1.760	-0.6120792069743675
-0.607	1.764	-1.760	-0.6026966510768057
-0.597	1.764	-1.759	-0.5932726710508822
-0.588	1.763	-1.759	-0.5838072026055359
0.0	0.0	0.0	0.0
0.0	0.0	0.0	0.0
-0.579	1.763	-1.759	-0.5743001942312058
-0.543	1.763	-1.759	-0.5386474473418703
-0.533	1.763	-1.759	-0.5288013301689107
-0.523	1.763	-1.758	-0.5189060211056915
-0.513	1.762	-1.758	-0.5089714020220832
-0.503	1.762	-1.758	-0.4989972570694705
-0.493	1.762	-1.758	-0.4889827177274708
-0.483	1.762	-1.757	-0.47892718942412427
0.0	0.0	0.0	0.0
0.0	0.0	0.0	0.0
-0.473	1.762	-1.757	-0.4688301358785292
-0.463	1.761	-1.757	-0.4586911880449229
-0.453	1.761	-1.757	-0.4485100006948899
-0.443	1.761	-1.756	-0.4382863238113557
-0.432	1.761	-1.756	-0.42801993077560985
-0.422	1.760	-1.756	-0.4177106730465934
-0.412	1.760	-1.756	-0.40735835741552817
-0.401	1.760	-1.756	-0.39696290904828935
0.0	0.0	0.0	0.0
0.0	0.0	0.0	0.0
-0.391	1.760	-1.755	-0.3865241717027956
-0.381	1.760	-1.755	-0.3760420435988854
-0.370	1.759	-1.755	-0.36551646153797823
-0.359	1.759	-1.755	-0.3549473353384185
-0.349	1.759	-1.754	-0.34433456180440425
-0.338	1.759	-1.754	-0.3336780860286894
-0.328	1.758	-1.754	-0.3229778296769701
-0.317	1.758	-1.754	-0.3122337107752897
0.0	0.0	0.0	0.0
0.0	0.0	0.0	0.0
-0.306	1.758	-1.753	-0.3014457071673968
-0.295	1.758	-1.753	-0.29061371366831357
-0.264	1.758	-1.753	-0.2595185724479643
-0.253	1.757	-1.753	-0.248334196650162
-0.242	1.757	-1.753	-0.23709778851724872
-0.231	1.757	-1.752	-0.2258198236265634
-0.219	1.757	-1.752	-0.2145000586491823
-0.208	1.757	-1.752	-0.20313762434336757
0.0	0.0	0.0	0.0
0.0	0.0	0.0	0.0
-0.196	1.756	-1.752	-0.19173187468295194
-0.185	1.756	-1.751	-0.1802823375296525
-0.174	1.756	-1.751	-0.16878856807937903
-0.162	1.756	-1.751	-0.15725023353889744
-0.150	1.755	-1.751	-0.1456671596632071
-0.139	1.755	-1.750	-0.13403901422518438
-0.127	1.755	-1.750	-0.12236575453939569
-0.115	1.755	-1.750	-0.11064715617650345
0.0	0.0	0.0	0.0
0.0	0.0	0.0	0.0
-0.104	1.755	-1.750	-0.0988831538356012
-0.092	1.754	-1.749	-0.08707361121734136
-0.080	1.754	-1.749	-0.07521848092501227
-0.068	1.754	-1.749	-0.06331767657258625
-0.056	1.754	-1.749	-0.05137110510496856
-0.044	1.753	-1.749	-0.0393787250310893
-0.032	1.753	-1.748	-0.027340458452512095
-0.020	1.753	-1.748	-0.015256298330155627
0.0	0.0	0.0	0.0
0.0	0.0	0.0	0.0
-0.008	1.753	-1.748	-0.0031261212148805395
0.0	0.0	0.0	0.0
0.0	0.0	0.0	0.0
0.0	0.0	0.0	0.0
0.0	0.0	0.0	0.0
0.0	0.0	0.0	0.0
0.0	0.0	0.0	0.0
0.0	0.0	0.0	0.0
0.0	0.0	0.0	0.0
0.0	0.0	0.0	0.0
0.0	0.0	0.0	0.0
0.0	0.0	0.0	0.0
0.0	0.0	0.0	0.0
0.0	0.0	0.0	0.0
0.0	0.0	0.0	0.0
0.0	0.0	0.0	0.0
0.0	0.0	0.0	0.0
0.0	0.0	0.0	0.0
0.0	0.0	0.0	0.0
0.0	0.0	0.0	0.0
0.0	0.0	0.0	0.0
0.0	0.0	0.0	0.0
0.0	0.0	0.0	0.0
0.0	0.0	0.0	0.0
0.0	0.0	0.0	0.0
0.0	0.0	0.0	0.0
0.0	0.0	0.0	0.0
0.0	0.0	0.0	0.0
0.0	0.0	0.0	0.0
0.0	0.0	0.0	0.0
0.0	0.0	0.0	0.0
0.0	0.0	0.0	0.0
0.0	0.0	0.0	0.0
0.0	0.0	0.0	0.0
0.0	0.0	0.0	0.0
0.0	0.0	0.0	0.0
0.0	0.0	0.0	0.0
0.0	0.0	0.0	0.0
0.0	0.0	0.0	0.0
0.0	0.0	0.0	0.0
0.0	0.0	0.0	0.0
-1326.236	1035.109	17.799	-273.3286983343215
0.0	0.0	0.0	0.0
0.0	0.0	0.0	0.0
-1505.618	757.833	17.904	-729.8808322678094
-1756.850	429.963	17.974	-1308.9138316757235
-1598.509	13.509	18.000	-1567.0001685678446
0.0	0.0	0.0	0.0
0.0	0.0	0.0	0.0
0.0	0.0	0.0	0.0
0.0	0.0	0.0	0.0
0.0	0.0	0.0	0.0
0.0	0.0	0.0	0.0
0.0	0.0	0.0	0.0
0.0	0.0	0.0	0.0
0.0	0.0	0.0	0.0
0.0	0.0	0.0	0.0
0.0	0.0	0.0	0.0
0.0	0.0	0.0	0.0
0.0	0.0	0.0	0.0
0.0	0.0	0.0	0.0
0.0	0.0	0.0	0.0
0.0	0.0	0.0	0.0
0.0	0.0	0.0	0.0
0.0	0.0	0.0	0.0
0.0	0.0	0.0	0.0
0.0	0.0	0.0	0.0
0.0	0.0	0.0	0.0
0.0	0.0	0.0	0.0
0.0	0.0	0.0	0.0
0.0	0.0	0.0	0.0
0.0	0.0	0.0	0.0
0.0	0.0	0.0	0.0
0.0	0.0	0.0	0.0
0.0	0.0	0.0	0.0
0.0	0.0	0.0	0.0
0.0	0.0	0.0	0.0
0.0	0.0	0.0	0.0
0.0	0.0	0.0	0.0
0.0	0.0	0.0	0.0
0.0	0.0	0.0	0.0
0.0	0.0	0.0	0.0
0.0	0.0	0.0	0.0
0.0	0.0	0.0	0.0
0.0	0.0	0.0	0.0
0.0	0.0	0.0	0.0
0.0	0.0	0.0	0.0
0.0	0.0	0.0	0.0
0.0	0.0	0.0	0.0
0.0	0.0	0.0	0.0
0.0	0.0	0.0	0.0
0.0	0.0	0.0	0.0
0.0	0.0	0.0	0.0
0.0	0.0	0.0	0.0
0.0	0.0	0.0	0.0
0.0	0.0	0.0	0.0
0.0	0.0	0.0	0.0
0.0	0.0	0.0	0.0
0.0	0.0	0.0	0.0
0.0	0.0	0.0	0.0
0.0	0.0	0.0	0.0
0.0	0.0	0.0	0.0
0.0	0.0	0.0	0.0
0.0	0.0	0.0	0.0
0.0	0.0	0.0	0.0
0.0	0.0	0.0	0.0
0.0	0.0	0.0	0.0
0.0	0.0	0.0	0.0
0.0	0.0	0.0	0.0
0.0	0.0	0.0	0.0
0.0	0.0	0.0	0.0
0.0	0.0	0.0	0.0
0.0	0.0	0.0	0.0
-1190.891	382.988	17.969	-789.9337657170611
-1383.644	106.806	17.998	-1258.8401546367884
0.0	0.0	0.0	0.0
0.0	0.0	0.0	0.0
0.0	0.0	0.0	0.0
0.0	0.0	0.0	0.0
0.0	0.0	0.0	0.0
0.0	0.0	0.0	0.0
0.0	0.0	0.0	0.0
0.0	0.0	0.0	0.0
0.0	0.0	0.0	0.0
0.0	0.0	0.0	0.0
0.0	0.0	0.0	0.0
0.0	0.0	0.0	0.0
0.0	0.0	0.0	0.0
0.0	0.0	0.0	0.0
0.0	0.0	0.0	0.0
0.0	0.0	0.0	0.0
0.0	0.0	0.0	0.0
0.0	0.0	0.0	0.0
0.0	0.0	0.0	0.0
0.0	0.0	0.0	0.0
0.0	0.0	0.0	0.0
0.0	0.0	0.0	0.0
0.0	0.0	0.0	0.0
0.0	0.0	0.0	0.0
0.0	0.0	0.0	0.0
0.0	0.0	0.0	0.0
0.0	0.0	0.0	0.0
0.0	0.0	0.0	0.0
0.0	0.0	0.0	0.0
0.0	0.0	0.0	0.0
0.0	0.0	0.0	0.0
0.0	0.0	0.0	0.0
0.0	0.0	0.0	0.0
0.0	0.0	0.0	0.0
0.0	0.0	0.0	0.0
0.0	0.0	0.0	0.0
0.0	0.0	0.0	0.0
0.0	0.0	0.0	0.0
0.0	0.0	0.0	0.0
0.0	0.0	0.0	0.0
0.0	0.0	0.0	0.0
0.0	0.0	0.0	0.0
0.0	0.0	0.0	0.0
0.0	0.0	0.0	0.0
0.0	0.0	0.0	0.0
0.0	0.0	0.0	0.0
0.0	0.0	0.0	0.0
0.0	0.0	0.0	0.0
0.0	0.0	0.0	0.0
0.0	0.0	0.0	0.0
0.0	0.0	0.0	0.0
0.0	0.0	0.0	0.0
0.0	0.0	0.0	0.0
0.0	0.0	0.0	0.0
0.0	0.0	0.0	0.0
0.0	0.0	0.0	0.0
0.0	0.0	0.0	0.0
0.0	0.0	0.0	0.0
0.0	0.0	0.0	0.0
0.0	0.0	0.0	0.0
0.0	0.0	0.0	0.0
0.0	0.0	0.0	0.0
0.0	0.0	0.0	0.0
0.0	0.0	0.0	0.0
0.0	0.0	0.0	0.0
0.0	0.0	0.0	0.0
0.0	0.0	0.0	0.0
0.0	0.0	0.0	0.0
0.0	0.0	0.0	0.0
0.0	0.0	0.0	0.0
0.0	0.0	0.0	0.0
0.0	0.0	0.0	0.0
0.0	0.0	0.0	0.0
0.0	0.0	0.0	0.0
0.0	0.0	0.0	0.0
0.0	0.0	0.0	0.0
0.0	0.0	0.0	0.0
0.0	0.0	0.0	0.0
0.0	0.0	0.0	0.0
0.0	0.0	0.0	0.0
0.0	0.0	0.0	0.0
0.0	0.0	0.0	0.0
0.0	0.0	0.0	0.0
0.0	0.0	0.0	0.0
0.0	0.0	0.0	0.0
0.0	0.0	0.0	0.0
0.0	0.0	0.0	0.0
0.0	0.0	0.0	0.0
0.0	0.0	0.0	0.0
0.0	0.0	0.0	0.0
0.0	0.0	0.0	0.0
0.0	0.0	0.0	0.0
0.0	0.0	0.0	0.0
0.0	0.0	0.0	0.0
0.0	0.0	0.0	0.0
0.0	0.0	0.0	0.0
0.0	0.0	0.0	0.0
0.0	0.0	0.0	0.0
0.0	0.0	0.0	0.0
0.0	0.0	0.0	0.0
0.0	0.0	0.0	0.0
0.0	0.0	0.0	0.0
0.0	0.0	0.0	0.0
0.0	0.0	0.0	0.0
0.0	0.0	0.0	0.0
0.0	0.0	0.0	0.0
0.0	0.0	0.0	0.0
0.0	0.0	0.0	0.0
0.0	0.0	0.0	0.0
0.0	0.0	0.0	0.0
0.0	0.0	0.0	0.0
0.0	0.0	0.0	0.0
0.0	0.0	0.0	0.0
0.0	0.0	0.0	0.0
0.0	0.0	0.0	0.0
0.0	0.0	0.0	0.0
0.0	0.0	0.0	0.0
0.0	0.0	0.0	0.0
0.0	0.0	0.0	0.0
0.0	0.0	0.0	0.0
0.0	0.0	0.0	0.0
0.0	0.0	0.0	0.0
0.0	0.0	0.0	0.0
0.0	0.0	0.0	0.0
0.0	0.0	0.0	0.0
0.0	0.0	0.0	0.0
0.0	0.0	0.0	0.0
0.0	0.0	0.0	0.0
0.0	0.0	0.0	0.0
0.0	0.0	0.0	0.0
0.0	0.0	0.0	0.0
0.0	0.0	0.0	0.0
0.0	0.0	0.0	0.0
0.0	0.0	0.0	0.0
0.0	0.0	0.0	0.0
0.0	0.0	0.0	0.0
0.0	0.0	0.0	0.0
0.0	0.0	0.0	0.0
0.0	0.0	0.0	0.0
0.0	0.0	0.0	0.0
0.0	0.0	0.0	0.0
0.0	0.0	0.0	0.0
0.0	0.0	0.0	0.0
0.0	0.0	0.0	0.0
0.0	0.0	0.0	0.0
0.0	0.0	0.0	0.0
0.0	0.0	0.0	0.0
0.0	0.0	0.0	0.0
0.0	0.0	0.0	0.0
0.0	0.0	0.0	0.0
0.0	0.0	0.0	0.0
0.0	0.0	0.0	0.0
0.0	0.0	0.0	0.0
0.0	0.0	0.0	0.0
0.0	0.0	0.0	0.0
0.0	0.0	0.0	0.0
0.0	0.0	0.0	0.0
0.0	0.0	0.0	0.0
0.0	0.0	0.0	0.0
0.0	0.0	0.0	0.0
0.0	0.0	0.0	0.0
0.0	0.0	0.0	0.0
0.0	0.0	0.0	0.0
0.0	0.0	0.0	0.0
0.0	0.0	0.0	0.0
0.0	0.0	0.0	0.0
0.0	0.0	0.0	0.0
0.0	0.0	0.0	0.0
0.0	0.0	0.0	0.0
0.0	0.0	0.0	0.0
0.0	0.0	0.0	0.0
0.0	0.0	0.0	0.0
0.0	0.0	0.0	0.0
0.0	0.0	0.0	0.0
0.0	0.0	0.0	0.0
0.0	0.0	0.0	0.0
0.0	0.0	0.0	0.0
0.0	0.0	0.0	0.0
0.0	0.0	0.0	0.0
0.0	0.0	0.0	0.0
0.0	0.0	0.0	0.0
0.0	0.0	0.0	0.0
0.0	0.0	0.0	0.0
0.0	0.0	0.0	0.0
0.0	0.0	0.0	0.0
0.0	0.0	0.0	0.0
0.0	0.0	0.0	0.0
0.0	0.0	0.0	0.0
0.0	0.0	0.0	0.0
0.0	0.0	0.0	0.0
0.0	0.0	0.0	0.0
0.0	0.0	0.0	0.0
0.0	0.0	0.0	0.0
0.0	0.0	0.0	0.0
0.0	0.0	0.0	0.0
0.0	0.0	0.0	0.0
0.0	0.0	0.0	0.0
0.0	0.0	0.0	0.0
0.0	0.0	0.0	0.0
0.0	0.0	0.0	0.0
0.0	0.0	0.0	0.0
0.0	0.0	0.0	0.0
